4.809228083856468494e+00 -3.452592964035879231e+00
-1.040202409785209348e+01 -5.189917635996554424e+00
7.333372744292736556e+00 3.937483478333475340e+00
-5.453737056160104402e+00 -2.545284711651493170e-01
-1.445160847286555850e+01 -6.739428688257692812e+00
2.177591205687777087e+00 -6.395550881113514663e+00
-2.387405932529338859e+00 -3.394079335059458913e+00
1.272652957826199138e+00 -2.726401536375369083e+00
1.424320833750114090e+00 3.397404826775700215e+00
2.337766816365548728e+00 -5.006022103261592804e+00
-2.527831001495744800e+00 -1.698862007879299529e+00
-1.149016904289846153e+00 -2.754880997226880623e+00
-2.183005489547481304e+00 -3.620495574054343191e-01
1.077897212626420931e+01 5.336543471625043722e-01
3.670516612399275402e+00 2.291038630377435048e+00
-4.066802395316490681e+00 -4.670214556608321743e+00
7.872289281590463261e-01 2.682014987921188087e+00
-1.117371976575036996e+01 3.412114932714922055e+00
-7.514221668968985579e-01 4.520517075597177303e+00
4.154306645919374930e+00 -1.373246807307827222e+00
-5.951049309445489932e+00 -3.471500133616218786e+00
4.326011115652133032e-01 -3.165062848486682956e+00
-2.095021472156584075e-01 -3.947037648758017436e+00
-1.291823934705785160e+00 2.505499225884365355e+00
-9.295439200780615252e+00 -3.521170434945127159e+00
-2.338956956294052425e+00 -2.924768505048381817e-01
-2.476987133761036297e+00 3.328964540355901391e+00
-8.992413089448701768e+00 -3.761739215245339718e+00
-2.022530516769706299e+00 -1.342433173951862679e+00
5.179366405750768898e+00 1.988102116120664675e+00
-3.881113579111578282e+00 -2.228520957323027574e+00
5.708375436634067768e-01 9.597252163752278964e-01
1.517902098942914169e+00 -1.580036513035131041e+00
7.297890858761572730e+00 2.820069886059884290e+00
2.106125086637825827e+00 -3.735605178331335541e+00
-5.221999365141209992e-01 -4.249112819221468662e+00
5.680907374583061831e-01 -1.146212436822498848e+00
-3.169064605685558700e+00 -1.252048007298010468e+00
5.989411412781668886e+00 3.621408040085940527e+00
6.207984168808560188e-01 4.579035781738929334e-01
4.218231427373699827e-01 1.721037881238134837e+00
-1.606009983887596082e+00 8.562726022294882000e-01
-5.600884308221885988e+00 -3.131907937260347552e+00
8.434891032230789065e-01 -7.436884731873539822e-01
3.587983544614147924e+00 1.255521482397678135e+00
-9.811434160891125966e-01 1.410133630433253682e+00
-1.344024553595622340e+00 4.500147609597935361e-01
3.889550523917089109e+00 3.441607101858147999e+00
-5.340538484847191292e+00 5.640976261256678281e-01
-6.059650975525159744e+00 -3.980897529429339610e+00
6.948253004148170042e+00 1.460652923174859730e+00
-5.325711701642477536e+00 -3.134880811179425297e+00
-5.659089238200420091e+00 -7.694837904218180036e+00
-7.062632549035302354e+00 -3.515027941171035231e+00
-1.158461104586247625e+00 -2.945683851135258546e+00
-1.556351955385759211e+00 8.115114146342181645e-01
-2.583890902672971279e+00 -4.919861453723092026e+00
7.591940755526264795e+00 3.318352242092189819e+00
4.683541699806410996e+00 2.932051157482100212e+00
2.275662943280934769e+00 2.318819905644624590e-01
4.256170697468657949e+00 3.069693026454063389e-01
5.904627956316179649e-01 2.932572242336728863e+00
1.226635258011976592e+00 8.893665422243124397e-01
6.223086722833423678e+00 1.428490386701758652e+00
-6.932231294745851979e-01 7.416969929045036380e-01
1.691772644406873916e+00 -9.421584294964906459e-01
4.953301442001622590e+00 -9.870075989549534912e-01
-2.608090743115485388e+00 6.219911490960456923e-01
5.412118464013798480e+00 3.183520126016596841e+00
-4.910683870023569320e+00 -1.023480871208941378e+00
1.228037009101693666e+00 1.149218262719462924e+00
3.959891757955922742e+00 1.674060959201770782e+00
-5.259606508230691979e-01 -5.675890831464034392e+00
-3.405230044464617745e+00 -2.185448113285263894e+00
3.495693272621487324e-01 -7.269422239048385137e+00
1.834051616789588834e+00 -2.390938199815914711e+00
-2.802430808542204499e-01 -2.261105112729926425e+00
-2.983613073207719069e+00 5.863804549603224281e-01
4.340999554773146585e+00 5.367028502655054822e+00
3.506993374856337553e+00 1.770853449584794959e+00
-2.669691528506294098e+00 3.421730046812326620e+00
-2.290372172335916723e+00 1.718831760955235044e-01
9.245995637252347521e+00 2.347353301259530234e+00
1.949167515425290542e+00 4.300549760138183686e-02
-3.140983897836439276e+00 -6.519115806489240716e-01
-4.740037061611314329e+00 -3.781606464488501462e+00
1.273858961511356025e-01 -2.372818512329018859e+00
5.413525073601926252e+00 1.924955340650984503e+00
-8.078476635691045349e-01 -3.175614312196556543e+00
2.340983141912430288e+00 9.399218910117141945e-01
3.812174285336558555e+00 1.742377392162571148e+00
-4.651725473761334939e+00 -1.418497346018504635e+00
-2.471301866288547089e+00 -4.651039618676041876e+00
2.118207062526737072e+00 2.424130068320213827e+00
5.299751463819649011e+00 3.238153095795667014e+00
-6.774290355981849032e-01 -2.100311548162126840e+00
-6.873605826192478174e-01 -1.146957201511786817e+00
7.653086317779866476e+00 -2.751797067730447743e+00
-3.048019447137747306e+00 -1.850904536474917927e+00
1.041287108092760594e+00 3.043976628969042864e+00
1.814052139438418809e+00 -1.000110467093976885e+00
3.314358865633991513e+00 1.340941945327762230e+00
3.946537333792167868e+00 -3.197010316583633216e+00
1.716981419818388144e+00 4.826542778926485866e+00
-1.744686237163910025e+00 -1.625779605905034231e+00
2.611663436880852451e+00 -4.984413778433112618e+00
-1.723919265915186738e+00 -2.363822009800113477e+00
1.541006772284587711e-01 -3.476882703920503026e+00
-3.010075097939375333e+00 6.480271497205677633e+00
1.147586759175944104e+00 5.421779116365798679e+00
2.730501683100539090e+00 -7.432433940061027755e+00
4.160018406733307472e+00 -1.142245302207813573e+01
2.465884234263004959e+00 -3.040935922404742087e+00
-5.402229191614593695e-02 1.197304663833306471e+00
3.854677203086036563e+00 -6.788129968718672025e+00
3.435651410422689622e+00 -6.853073291273529044e+00
-5.114560614561012297e-01 9.041458514267557423e-01
9.249896825828990421e-01 -1.082260990652965660e+00
3.357419048326024225e+00 -4.398029450080654712e+00
-1.735518359918055253e+00 2.761620413928857598e+00
-7.396987618356611893e-01 -2.983089106044698458e-01
2.858607406201952195e+00 -4.135517680566139553e+00
2.854694575409402191e+00 -2.394003233908044592e+00
2.497268162431240057e+00 7.016103915196193697e+00
1.568591815835776782e+00 3.597065686910217330e+00
8.206122100071950864e-01 -1.306005201420386896e+00
5.351970407326757107e-01 -2.563266848511263518e+00
1.245986597857967615e+00 -3.859170603664867194e+00
-6.074493592926419439e+00 4.702925645474726579e+00
2.561487641563275908e+00 -2.162070296054592333e+00
9.356316400186590609e-01 -5.908534710795889211e+00
7.357700087076816331e+00 -7.990443727222882320e-01
-7.048401768110716947e-01 2.677446375999767092e+00
1.835526650099558177e-01 1.056595399411521363e+00
-3.222616458161196462e+00 -1.519723613559504916e+00
2.258844375980523900e+00 -2.846170362671628595e+00
1.610059497383686811e+00 -3.065888280855558534e+00
6.324951704621864401e+00 3.586791434177469817e+00
7.135324228696870108e+00 -1.651804516696390834e+00
1.800627745037790328e+00 -4.912544896445837139e+00
1.764106987020192641e+00 -1.615752713130136797e+00
1.281654282667060052e+00 2.379066180598257141e+00
5.846986190473390188e+00 -3.578193729035942017e+00
3.351291992779647622e+00 -4.950395282703205169e+00
2.419914102092350916e+00 -2.129861606846633393e+00
-1.507453690801825452e-01 7.458680206916814548e-01
1.632631052900244573e+00 -6.996915837781594316e-01
-3.690505042488785747e+00 -5.482868763739875639e+00
-1.439663524449694698e-01 -3.000601496244428734e+00
7.853844889695112963e-01 3.245643414740793986e+00
6.928342516899410164e+00 2.815478967263616461e+00
-1.520415669599881614e+00 5.522790135512681609e+00
5.210129085579822572e+00 4.240532022278321378e+00
3.067106298326427449e-02 2.531439194133945580e+00
-8.399724205680192402e-01 1.172384193821475407e+00
1.234792496292000941e-01 -4.081000081639748700e+00
-1.523842547827221061e+00 -3.586182078911734017e+00
-6.670140648067801603e-01 6.895134751499504056e+00
4.216147293787058992e+00 6.720364983362117073e-01
4.223703429172392276e+00 -6.191350557866602600e+00
-3.938024448308352632e-02 3.138155401159489877e+00
3.880191741174889852e+00 -2.470398971163747959e+00
1.247216717574881617e+00 1.538476535708680704e+00
-1.389888125919588102e+00 1.809792858108656421e-01
-4.296154108464445009e+00 6.125585527422808596e+00
-2.512416512125036139e+00 -4.724668080772411294e+00
4.276694210886828884e+00 -5.461656685852847914e+00
-2.045142565683957248e+00 2.944337502876380519e+00
2.221297782258331743e+00 3.514834585821771107e+00
-7.250732148345269135e-01 -3.747889095776446577e-01
-3.852250094127425140e-01 3.135266980016930383e+00
2.480343193938054469e+00 7.481404096957460226e+00
3.753175730553287348e+00 -7.423002328315991605e+00
3.090648921668787352e+00 -3.282465346211698609e+00
8.230373189698835246e-01 -2.025132041772461200e+00
3.016492032519018096e-01 1.115386997111015965e+00
2.695561296451526534e+00 6.526754252646118637e-01
1.828223103715645115e+00 -1.766433137356888894e+00
2.036435460543279952e+00 -7.421584884495560530e+00
3.492037454911987027e-01 1.817560201980575219e+00
1.622982859476862050e+00 -6.481506406562260736e-01
-1.216609704877163800e+00 5.746596546487925394e-02
6.288294864050557598e-01 1.377412139302891525e+00
1.004632583336414475e+00 -4.408111702329329695e+00
5.800956460803824655e+00 -1.148593621709127888e+01
1.685280400439378212e+00 -8.148394171306797773e+00
3.928877729578605926e-02 2.562481000468501247e+00
1.631736376192452820e+00 -2.249268930365494690e+00
-2.628335522674231761e+00 -2.416479373284391219e+00
-2.612221330382265450e+00 2.076784276894817260e+00
1.717956647554184091e-01 -1.812203306534713620e+00
2.468917701332363102e+00 4.253318135730742355e+00
-7.095338087181964681e+00 -8.709041691974642729e-01
-1.445748823029413543e+00 2.326960445790234644e+00
1.450163641369612622e+00 -6.163469391131159547e+00
-3.077657601826687461e+00 -3.279816644510670454e+00
2.651933858432414581e+00 1.569284526359829623e+00
-2.124475129424939546e+00 7.744808958315173797e+00
1.167005908835927031e+00 -3.162217103750982528e+00
1.732125705538409388e+00 1.161665560040358258e+00
2.231945898107281501e+00 -3.565960417611071520e-01
2.225952050283418471e-01 1.337454781930355274e+00
-4.059489132541995282e+00 -1.010665615402659423e+00
-4.438398563524961205e-01 4.635923413873852539e+00
4.064506616479491186e+00 2.001374890530899009e+00
1.902483982686693942e+00 7.504985424245382397e+00
1.277700214960651559e+00 -8.541373456482419524e-01
-1.936193505272523874e+00 -5.847008753957080529e+00
5.772349891921919607e-01 -1.300428808419998639e+00
5.297976232817608322e-01 2.825170164375436777e+00
-7.655140906851631843e-01 1.032282208126575007e+00
-4.707513047582779775e-01 -2.690108178491616098e+00
-7.893940492701403411e-01 1.295962039354988216e+00
1.627413478069173358e+00 3.412986946371680652e+00
1.669191241562206995e+00 4.512416048917926581e+00
1.724550895603409018e+00 6.017840414542881433e+00
3.155615513243431591e-01 -3.144005201702774421e+00
2.081542034848389289e+00 8.660079103937938783e-01
5.502372285615398928e-01 4.550077333623027798e+00
4.819813197508392655e+00 6.330451115049863908e+00
-1.623215223439703481e+00 -5.139039319606562017e+00
-3.865457157755008311e+00 1.119220450083632246e-01
-3.267966830166060266e+00 3.930689537013949408e+00
-3.884318445940191378e-01 5.121642745358736537e-01
-1.187976195515860089e+00 -5.827627220925286622e+00
1.710406437203143559e+00 -6.533574673781439301e-01
3.945707928463981218e-01 -1.202224509741345315e-02
2.665139723037901032e+00 5.513911721921376241e+00
1.731412781674092072e+00 7.069407378982329071e+00
2.290367392053018480e-01 -4.670718206648691861e+00
3.838354004234695860e-01 -5.723310566102509434e+00
1.115111992134393049e+00 -7.381314369524083929e+00
1.012474729926098993e+00 2.735462308127719844e+00
1.853395890445961758e+00 -1.877282945975126793e+00
-1.249118469638502704e+00 -7.888687142627148763e-01
3.479805305935797399e+00 -1.551779710969199311e+00
-1.795466174955422822e+00 2.865268524227827740e+00
7.684053874408918183e-01 1.896803853494867909e+00
4.740780526950719498e+00 -8.647493642190731578e+00
-1.281316220793134786e+00 1.626285267938047951e+00
1.196409354805342495e+00 -1.690783824064292951e+00
-1.424176196440058328e+00 -4.797555347817916704e+00
-7.583034014528387823e-02 -3.576430577107791109e+00
4.603393214828915170e+00 7.114106848146120932e+00
-9.778025844806522704e-01 2.775913474678874948e+00
-3.831301257589912801e+00 -1.028279050313947529e+01
2.418133170545526678e+00 7.160348605419501133e+00
1.725022770162060404e+00 -8.927831072420595593e-01
-6.303756888901916877e-01 -4.155750077482207594e-01
7.098583522430347292e-01 -3.383286423300405410e+00
-1.511910583749739745e+00 5.643484939944451106e+00
3.574741850255709341e+00 3.335890113766328380e+00
1.638880550238591916e+00 4.498047291959284877e+00
-2.488061602655301296e+00 -2.222380802736184435e+00
-2.857842552449722184e+00 1.731131258398065365e-01
-4.010144577932672760e+00 4.117425364088135531e+00
9.551613928381680330e-01 4.261743755617514395e+00
3.384093326784790356e+00 -4.027672036779732512e-01
-6.018174187654571350e-01 6.756322376214782821e+00
-7.132401432435422350e-01 3.557656889096519892e-01
-2.004966934252285338e+00 -1.063261022887789675e+00
6.478906265076023629e+00 -5.954556874151475387e-01
2.643949953938169894e+00 -9.991614386856073615e-01
-1.322953016016505057e+00 2.040605183569917713e+00
3.059488054335993024e+00 -4.549570491217940216e-01
-2.759873303428851177e+00 1.683418610198695875e+00
5.300954275782586045e+00 4.890621436748189055e+00
6.733621368378290839e-01 -1.516278723389376193e+00
3.117225506690857184e-01 -3.845076069169879318e+00
-2.818278262363176356e+00 -3.464777866985441435e+00
-4.417949014938450603e+00 2.579511572553873755e+00
-1.208514754333770869e+00 -1.051300968352505194e+00
1.908018720062726048e-01 2.333759455052816456e+00
3.345628087290855035e+00 -6.385858006403466902e+00
-2.669362255275923079e+00 2.390809738053018663e+00
1.880491822833363802e+00 5.998239025486784559e-02
-2.548456139596380954e+00 2.157455074707117948e+00
-2.567452423115946125e+00 2.577482816458358528e-01
5.755844647940363545e-01 3.197711623225484967e+00
6.404935273330606416e-01 6.550583950766186270e+00
-1.663431291287666536e+00 -8.435846806774374151e-01
-4.536836162905758307e+00 4.698257360654976011e+00
7.237365163311108018e-01 1.700973635286268548e+00
-4.021301782598658114e+00 -2.173947751331320788e+00
3.875276223580058854e+00 9.155861072007624557e+00
-4.523234211095599200e+00 5.693780011383565487e+00
3.361708340047175447e+00 -1.110835667287293660e+01
-1.053054986368894719e+00 2.974644440061582351e+00
5.426755419915929579e-01 -3.104036628707282475e+00
4.021229257471098606e+00 3.344008289634385900e-01
5.930510429455088328e+00 2.583942768786292810e+00
7.095169524620046353e+00 5.508966178228875687e-01
-1.794923346136581443e+00 8.739735392173093587e+00
-2.419521886016171131e+00 3.955923764393366238e+00
5.009632147198228580e-01 1.260467226236483551e+00
1.405287365517781328e+00 9.783207194810515261e+00
-8.624883551522405725e-03 1.717106396213934127e+00
4.380501380030944247e+00 3.933409246940845261e+00
-2.456387640924157179e+00 -2.094759759227234230e+00
2.413995755886889860e+00 -1.474033251854382165e+00
