-3.018023224567797369e-01 -3.397673102522195121e-01
-1.458403043900694973e+00 -2.458389899870552675e+00
-1.354056831032274921e+00 -3.322020354066642644e-01
-3.184378908163182142e+00 -1.999147191623432018e+00
-1.335610008672235560e+00 -1.229285494518758570e+00
-2.459551361674338743e+00 -1.463683072177074829e+00
-3.375195833337264695e+00 -5.395094203719695836e-01
-1.257076186234864945e+00 -3.323321379611534621e-01
-3.906416949521316351e+00 -1.374406234267830929e+00
-2.936607644221389535e+00 -1.078838918919867940e+00
-9.978005771324831574e-01 -8.835654111921946718e-01
-1.310748289582610360e+00 -2.864005953163880847e+00
-2.446344162014148615e+00 6.114192619439093868e-01
-8.068743238201669943e-01 -2.325364027236196396e+00
9.390421616108908243e-01 -1.994798705793688232e+00
2.097319716978778725e+00 -8.631573657137192601e-02
-2.550487431838410757e+00 -1.338289576157205341e+00
1.138944442661612655e+00 -8.066262362748888304e-01
5.893580057414951057e-01 -9.506049775896059373e-01
-5.429641662002118174e-01 9.424348765130208250e-04
-1.486141861243288176e+00 6.175732600452477072e-02
1.503698316724995987e+00 1.595710265688572438e-01
-1.059353256378530617e+00 -1.422863644680057771e+00
1.143126011786931961e+00 -5.522531434481605661e-01
-1.182636269259034867e+00 -4.085073452278683570e-01
-2.415867091009766376e+00 3.761508380527964768e-01
3.419610573402678266e-01 8.125234203812556899e-01
-2.791924089641788065e+00 -3.058342474473328743e+00
-2.784134295315588759e+00 -1.625892876188817393e+00
-9.614867489280253254e-01 -9.685176371794864680e-01
-1.976272053800730344e+00 -3.096962786068657714e-01
-2.938756747241895617e+00 -2.464371750945138828e+00
-6.450801768324626595e-01 -1.344092113607376238e+00
-7.886232621143978161e-01 8.752460610744767777e-01
-1.081504009345251038e+00 -1.615167169591910312e+00
-2.135253730832139318e+00 -8.734423961276214232e-01
3.298807853059120276e-01 -6.077965969353180675e-01
6.483250029670022396e-01 -1.373464536455814677e+00
-2.190012325562888940e+00 -4.671274797510746035e-01
-4.380474723290809891e+00 -8.589439878398953399e-01
-1.676503254583481262e+00 -1.659341386287793263e+00
-1.775479943411777839e+00 -2.073579639024273114e+00
-1.638885266844554600e+00 -1.795387257103953749e+00
-1.835725390611364194e+00 -9.985642000226653270e-01
-6.000752326959761795e-01 4.075121737789388909e-02
-1.717255735473645517e+00 -2.956723643625072118e-01
-1.766130652601944018e+00 2.490495123494695928e-01
-2.277863175467372603e+00 -2.127664338628464602e+00
-2.168562405977357166e+00 -2.507456209694496785e+00
-7.479150358906540008e-01 -2.258365270409956604e+00
1.089244415977037139e+00 1.402417941861955342e-02
7.916017337583800551e-01 -1.178965956625463996e+00
-2.028512941142730064e+00 -1.866340326426804364e+00
-1.182264473625127765e+00 -1.459832628196956028e+00
-1.850979745003737964e+00 -5.099477760116888359e-02
4.154058047945625720e-01 -1.655281970367442845e+00
-5.453035300917676853e-01 -2.362443160957406363e+00
-7.973093341121404443e-01 -9.581487697605950427e-01
-5.984314910820145439e-01 -5.257254223306644381e-01
3.273492185843529523e-01 -1.334785875462821014e+00
-6.732947474430339696e-01 1.234505446433712628e+00
1.618022762744208976e-01 9.646153769208578588e-01
4.204195953062654922e-01 -1.327725976063088176e+00
-2.204890216871145281e+00 -5.106056016215194671e-01
-2.409637301178426672e+00 -3.392083415549457248e-01
-1.685492808885141525e+00 -1.852844385213706202e+00
-1.658421569730332834e-01 1.043201439379675133e+00
1.259957921007334392e+00 -1.983976953228666851e+00
-2.112181478569424620e+00 -8.494061589099817233e-01
-5.903842084912402921e-01 -2.397818387045730582e+00
-2.950548001224918560e-01 -2.370715906860722200e+00
-1.929894257703462790e-01 -2.494458718772274430e+00
-1.940461775160453595e-01 3.727750239494289630e-01
-2.382930050477249928e-02 -5.909345032174162515e-02
-4.652539930818755387e+00 -2.881437333103227694e+00
1.071690096489945621e-01 -1.394253078386427314e+00
-2.867415896794732522e+00 -1.168702323796878551e+00
-1.387723539675846052e+00 -1.001692176548215629e+00
-3.356415513739962053e-01 -2.678914983272721706e+00
-3.082201493816019600e+00 -1.744224843823512838e+00
-4.071544920643312082e+00 -1.089786592008479937e+00
-2.206440177358973465e+00 -2.910588844390913366e-01
4.531521432597833687e-01 -1.184053285109107012e+00
-6.884396662722742644e-01 -2.111280829047004204e+00
1.818879754116319525e+00 3.791970523357233169e-01
-3.176033782123416138e+00 -1.130042082818738969e+00
-2.360148527417689657e+00 -2.123334764645343320e+00
3.707535352691784247e-01 1.240123463489422484e+00
1.442206803404606941e+00 9.893931909029471949e-01
1.378515894612527326e+00 -1.168456051892358794e+00
1.119988199232681225e+00 -1.099376599479961358e+00
-1.362666006693355580e+00 -1.574654006733573031e+00
-5.654604273809389348e-01 -1.238690040776533552e+00
4.461992081232559748e-01 1.583903791910252767e-01
-3.982631109236167699e-02 -5.536467885894382768e-01
-2.906001579079002806e+00 -1.197894774129710793e+00
-1.114731128775013680e+00 -2.059847237855915836e+00
-1.628857980391461791e+00 -1.783009904493046083e+00
-7.427123835815223618e-01 -1.581653990199001880e+00
3.812743477184847851e-01 -1.884356853329742787e-01
1.488375447005881647e+00 -1.057372093684783909e+00
3.314080216117996081e-01 1.086480914753994220e+00
-5.858109023341593335e-01 2.132356253541538571e-01
-1.705564247868813776e+00 -4.108671897834843989e+00
2.942762549187492027e-01 -2.088236893752692946e-01
3.820430254546842264e+00 4.166318807084563591e-01
1.656942717143287336e+00 -2.471955598979043156e+00
3.218097553926229093e+00 -1.926338631911701071e+00
5.978072812949233317e-01 1.084085692206882001e+00
2.562709140773392402e+00 -2.097321404132282296e+00
4.563737997320391759e-01 -8.353550935974843883e-01
7.050846976763124330e-01 -1.432246355467085230e+00
2.848779531336875781e-01 9.851600644362636938e-01
-2.223336190615619046e+00 7.015403892978013811e-01
4.233213258619511477e-01 -2.680377713655668792e+00
1.349619756683317684e+00 -3.516411115008506005e+00
-2.357171782513141522e+00 2.530688915935065175e+00
6.204913600946155849e-01 1.533143958840391452e+00
1.315357814144749060e+00 -2.236126810299171819e+00
2.662022804072996074e+00 -1.923614229874833104e+00
9.870704389630410303e-01 -1.861585455574167991e+00
2.145656990444347656e+00 -1.602910199299584448e+00
1.531508698981113525e+00 -3.104062397353343883e+00
3.612271293935721772e+00 -4.722053876044062903e+00
1.102622615659290206e+00 -1.590227240129514996e+00
1.954329863008551271e+00 1.315416198745247733e+00
2.397417042935252596e+00 -5.750673469217961742e-01
7.284638147406146125e-01 -1.590237349803658606e+00
4.914191230733627735e-01 -1.646606151434857113e+00
6.654420194765018337e-01 -2.142528074770500002e+00
4.185524909034380459e-01 -2.377044605023306723e+00
-2.453390521121718848e-01 -8.308840098659627804e-01
6.395339603905869641e-01 -2.148184819433072157e+00
1.664778233209443403e+00 -2.069912759982228678e+00
1.728566682624463891e+00 -4.867735932750180128e-01
-1.924124714757549093e-01 1.205130877112398746e+00
1.391493557748186616e+00 -1.335171399948699156e-01
1.335072753856267891e+00 -7.363444659501932055e-01
9.021710819523418579e-01 -1.763367873949722053e+00
6.687412603276781109e-01 -1.133483617982299574e+00
-2.744959742261989799e-01 -2.597660064189209361e+00
2.049993891236437271e+00 1.554380313378545875e+00
9.798698329410708840e-01 1.047800584256303846e+00
1.136314421969139454e+00 -1.487069095625930482e+00
8.059828507331476821e-01 -1.108280051145812406e-01
1.876892684798518562e+00 7.712391099054962673e-01
1.850890336722573304e+00 -6.638419953792240591e-02
-1.750526317934777421e+00 -7.185051114130458494e-01
1.341122682482011053e-01 2.672502541162311118e+00
1.358290111005855172e+00 -1.637890129306227127e+00
-8.115030744328179946e-01 -1.256925388996620763e+00
2.075634259019457639e-01 -2.312088218572546428e+00
8.839524581033010309e-01 9.404243437798465166e-02
3.038745799010172943e-01 -4.281669790281221744e-01
1.407284527834456567e+00 5.240918565818188934e-01
1.251777687431770980e-01 1.447076142277308630e+00
-1.115791439870049917e+00 -5.030435092013054721e-01
1.550083981861689164e+00 -2.114780088133262348e-01
3.387954246261308811e+00 -3.763319833099929124e+00
1.204996748495142933e+00 5.198246505746781931e-01
1.364408815355615312e+00 1.050611287173301545e+00
1.038881351816819398e+00 -4.441515636378076337e+00
-1.941500593332680324e+00 -5.139119124098938673e-01
1.567437826499320508e+00 -6.428005262871845371e-01
-6.128919036582924917e-02 6.139116194878371235e-01
-1.824656876487991131e-01 -2.982743421975013742e-01
1.938647742566333987e+00 -1.481688489995997005e+00
6.510339610793705045e-01 -6.000842465086468902e-01
3.996557594949080583e-01 -1.858868329179885759e+00
1.452634287702843308e+00 1.420232824930714344e+00
1.004923136505009307e-01 -1.247797243648052223e+00
1.910263003076813959e+00 -4.585107523813954700e+00
1.670345828192638216e+00 -1.089014321734535384e+00
2.645057035999716089e-01 -4.757466226657687258e-01
-2.445275534039270671e-01 4.141206706076454580e-01
7.981156569853431471e-01 -1.074948209527191834e+00
1.191945969165926433e+00 -8.453001428920662308e-01
-2.760471123681524919e-01 -7.792416613737308539e-01
-6.234654598142199688e-01 -5.703277679841156633e-02
1.541805422615460941e+00 -5.129833427030071613e-01
9.744127886728271015e-02 -2.092993008260212839e+00
1.655847511805807359e+00 -1.642163551601532712e+00
7.279272197739246053e-01 1.477208073083795981e+00
3.878916013575463007e-01 6.827217798029638907e-01
1.086758506059350982e-01 -3.121623888550555392e-01
6.957637828502982735e-01 -3.218264426931024769e+00
1.358333585858707560e-01 -1.226749463276244345e-01
2.903865335476210063e+00 -1.794634244863599459e+00
1.529034540223401129e+00 -1.799422556718202504e+00
1.248216689552726910e-01 -1.537613041574585449e+00
4.739999906291034737e-01 7.895578107821155101e-03
7.315284442971945467e-01 -2.886304662814398014e+00
1.363457831573574586e-01 1.828022318495539089e+00
8.923987190933744262e-01 -5.856585369961024856e-01
1.801932970547230450e+00 -2.480339473695296171e+00
-3.278363602954701417e-01 1.295747095225105561e+00
-3.778450107722983731e-01 -1.047704456066379297e+00
8.656367466841802250e-01 -2.634517447437270565e+00
1.872522380304649570e+00 -1.344127669890812671e+00
1.446947809677644914e+00 -2.883249206065938708e+00
-1.560344004912799676e+00 1.662484003951795186e-01
-3.182893938088044439e-01 -5.032918340515468714e-02
1.835938759549839705e-01 -1.344514564775725063e-01
1.666689885357304224e+00 1.796791150455857355e+00
-3.585673860022177695e-01 6.769417425776107500e-01
-1.185029818965875892e+00 -1.059975064530445543e+00
-1.705617656053327602e+00 2.573184537349628265e+00
1.671565561734595251e+00 5.734223599153123185e-01
-1.176627461840463074e+00 1.300759053211128391e+00
1.115584840953564583e-01 1.209798926303406796e+00
6.045495617512347541e-01 1.402864956523786066e+00
-7.725687544861551403e-01 3.642052870192978853e-01
-1.319465460475620189e+00 2.288775200819358258e+00
-7.001384820478018245e-01 1.940589329040398825e+00
-8.476299310366869344e-01 1.533019375779644422e+00
9.992502035263936544e-02 -4.255804552218762637e-01
1.827479955535381118e+00 1.411733640938096501e+00
8.535815181328282319e-01 2.528555050464609710e+00
8.103884719120265645e-01 1.041352909673763261e+00
-1.627544905064933767e+00 8.320158938298412021e-01
-6.200259507162662054e-01 1.670112028418327732e+00
1.200553715889377537e+00 -1.467771746765452967e+00
6.472242883475576303e-01 8.013301424723443533e-01
5.402406863349460409e-01 1.582782793107130104e+00
1.931775153851900961e-01 2.520202701458682526e+00
7.252002580488254857e-01 6.535550006687651514e-01
-9.701887413642742430e-01 1.035463608330822183e+00
7.048834595406323622e-01 1.263445017479309040e+00
8.405532560529227482e-01 1.580791102487627775e+00
9.036609655743606251e-03 -1.038710734836159055e-01
7.222947450480716736e-01 1.094717944557749068e+00
7.658156181468220858e-01 9.043222663423045038e-01
4.252194634649804073e-01 -6.913161492979125189e-01
-1.099054472623094858e+00 3.135507325519819144e+00
9.670975910189999469e-01 2.106412129857214932e+00
1.263649327890687291e+00 1.388460972722395326e+00
-7.756201857365750962e-01 2.087498066946389841e+00
-3.880795637080442506e-01 -1.211816713337934281e+00
2.358829027297756065e-01 6.781096283638929911e-01
2.288559820436650016e-01 -5.140137479399689013e-01
6.771266781931548628e-01 2.208987928408397750e+00
5.797351566111011989e-01 6.529115923194862559e-01
1.632634300861546706e+00 -1.722214038457405838e+00
4.719703450769037190e-01 1.660232021905107658e+00
-2.093182969934087367e+00 3.996445058795899286e+00
1.694723349014409242e-01 3.864888266273918571e+00
-1.439833088215477952e+00 1.500396490959932772e+00
-8.274728511006347320e-01 1.971943196891820183e+00
-2.327706055695890897e-01 -2.976708021342351351e-01
1.396122279601051286e+00 -4.046110927957635717e-01
7.397933902284777874e-01 -1.586464341902140696e-01
1.860207642046834087e+00 -7.676199104838186127e-01
-9.907170570760445161e-01 8.170993544477711534e-01
-1.034271199624911208e+00 -2.201020175857997252e-01
2.137723829844856149e-01 3.327195918171136357e-01
6.777618571404309122e-01 1.452808356065636852e+00
7.529104790814107329e-01 -3.186369365321415348e-01
-1.260417360409581855e+00 2.598882630328787968e+00
-5.769175984265968449e-01 4.286710293594726551e+00
-4.662269662764089162e-01 1.094484744092300010e+00
1.147914766963753358e-01 5.517438815554749354e-01
-1.138500495183409233e+00 -9.235224981059666494e-01
2.445292051170966652e-01 1.755275664975529670e-01
9.159028148665888658e-01 1.359802817736174951e+00
7.235883414980218697e-01 -2.400105143788588968e-02
-1.552850591175799044e+00 3.579589429503758691e+00
-2.887428042232070280e-01 -2.349198444878335845e+00
-6.400385331016830159e-01 2.951352176099333313e+00
8.540257506980826474e-02 1.315455276209183566e+00
-6.497735469586083390e-01 1.877672578343037024e+00
8.440610389302409811e-01 1.059248415276012656e+00
2.319520928520528158e-01 -1.716007151194185898e+00
-2.721184275304409095e-01 -8.557093662521952915e-02
1.428616796856577942e+00 3.252248293706769378e+00
-3.444871274550848628e-01 -8.457216637090034794e-01
-6.921447543601916275e-01 8.778351017752583640e-02
3.558463068542994656e-01 1.619315594664049840e+00
-6.680911567751097735e-01 1.624762796799109843e+00
3.001603306978963270e-01 8.867997669342757572e-01
5.972357297634001139e-01 -4.952088220966985865e-01
3.089164212428139877e-01 -1.171632964403273025e-01
5.190267014715922445e-01 -2.344127676767314927e+00
-5.049971463363631674e-01 -2.539847843493159285e-01
-2.110901536056650762e-01 -1.816731230455881363e-01
-1.075749325212351559e+00 1.995736099385779783e+00
-2.483601012861785529e-01 1.623523471568319554e+00
-1.313638386160199401e-01 1.818532663416728035e+00
-7.300691013755616909e-01 7.879505856975901334e-01
4.459331558860705202e-01 -6.487695286303774012e-02
-3.019551150800958705e-01 1.492188254216790799e+00
5.072593353178643794e-01 9.767926934095120250e-01
1.543864825718296530e+00 2.415287158279312063e+00
1.416811635010148729e+00 1.610462914763744813e+00
-5.180706933441734385e-01 1.968866739263386290e+00
1.234380759856053000e+00 -3.735949949502352929e-01
1.289171456082300049e-01 -9.961276969198307185e-01
-2.676441289062861939e-01 7.318379456801720195e-01
8.020622747913208617e-01 2.996418383533580254e+00
4.538827877067311278e-01 3.816234064723656338e+00
-1.236489526521183796e-01 2.354789167015083784e+00
