-1.847737985769911884e+00 -8.942778950488632361e-01
-1.116142071600624952e+00 -1.491996434674163874e+00
-1.695105363552715350e+00 -9.708994789336796716e-01
-1.086983761670031523e+00 -1.291671687803285451e+00
-1.075024270782090285e+00 -9.792785432027611980e-01
-1.389803885404162109e+00 -2.487080857661992717e+00
-1.179650013149284637e+00 -1.083374434641220185e+00
-4.727744110315629245e-01 -9.948081131752621875e-01
-7.907542020591169507e-01 -8.940551196529457068e-01
7.999127176005718098e-01 -7.547765818912894886e-01
-3.819655833835111647e-02 -7.833572755669440113e-01
4.533315972301257268e-01 -1.308276286269816069e+00
7.785225087705605063e-02 -1.076881847114549373e+00
-8.085967872617148000e-01 -7.464102686895288663e-01
-2.551785055708358563e+00 -1.046810622396845858e+00
-3.162865403472181924e+00 -1.641106322208870871e+00
6.980616770479182165e-01 -8.796208377462749750e-01
-1.027070242248474985e+00 -6.406833929536703831e-01
-2.495062760338959684e+00 -1.508270675029387942e+00
-1.194346315325915286e+00 -1.714958197392872252e+00
-2.286538418572544806e+00 -1.287048965264782296e+00
8.956129607620377797e-03 -5.204981293128838615e-01
1.500037305177116753e+00 -3.673080214110180375e-02
-2.015229465302612155e+00 -2.931231405559379333e+00
-1.475197946972768737e+00 -6.568718016859353970e-01
-1.386460362954595738e+00 -1.111496421934619061e+00
-2.733254703947790354e+00 -1.049239424030468548e+00
-9.224272410144159773e-01 -1.320254483381610777e+00
-4.464937199645606647e-01 -8.562686270283259571e-01
-3.287819413340581365e-01 -1.132916720497447294e+00
-2.117966925237569242e+00 -1.191867712229137677e+00
-1.719168063661633328e+00 -2.381669598440225855e+00
2.603622550028465987e-01 -1.116106337955953265e+00
-7.368332545385360977e-01 -1.323357491133565933e+00
-1.338246343150454543e+00 -3.019598351544383608e-01
-2.537706926676295716e+00 -8.969606650006640702e-01
-9.904930509965221841e-01 -2.017922446652523849e+00
-1.162502476709090349e+00 -1.879811542975411864e+00
-7.486663737950511877e-01 -9.308630353178497518e-01
3.605193291812804901e-01 -1.038033577371741289e+00
-1.832106657956538154e-01 -6.259220075472948785e-01
-6.518110688565030841e-01 -1.268071925977750647e+00
1.035428746574992509e+00 -1.478381909238635217e-02
-4.750396006523864845e-01 7.958374850462892613e-01
-9.103450885183392849e-01 -4.805705284334310656e-01
1.196782994851275372e+00 -8.453557445372363865e-01
-8.929102981106332715e-01 -1.441414589648902567e+00
-5.979919151930556120e-01 3.628356610436695995e-01
-1.002288119228282204e+00 -1.509779556467879313e+00
5.205378774892059912e-01 -7.471435137917448177e-01
-1.750726946225396041e+00 -1.365933595937470546e+00
-4.504259322738484173e-01 -1.675614716139495197e-01
-2.327918344884172264e-01 -3.909726264409045804e-01
-2.622184725968776942e+00 -2.180273702247170320e+00
-5.689045753250320248e-01 -7.948731170355234354e-01
2.599917755910250428e-01 -1.651012757827329924e+00
-2.186466325691762691e+00 -8.938034157362247933e-01
-3.068821950280939959e-01 -1.635626953793589689e+00
-4.412416280939172042e-01 -1.326392885724237969e-01
-2.524794553565388178e+00 -2.604701315144091645e+00
-1.455568720730156418e+00 -1.256921590366244068e+00
-1.167964931196148415e+00 -1.267596321999173714e+00
-1.244352228759487922e+00 -8.629823490251264939e-02
-1.891388438785686965e+00 -1.137363742296455982e+00
-1.581866327634018798e+00 -4.664046059171262915e-01
-1.779702058607109283e+00 2.933427456164585667e-01
-6.489540295975350093e-01 -1.146297098405058668e+00
-2.632341690717124649e+00 -1.075132310235989985e+00
1.100608750633102151e+00 -5.890446835357432409e-01
-1.426670097159872475e+00 2.386543637809190876e-02
-1.419704590380394427e+00 -1.607131301482417340e-01
-2.364775543656764345e+00 -1.323080796108838664e+00
-3.907070578180463771e-01 -1.963654239091080500e-01
6.843379897554968672e-02 -1.203506925120362059e+00
-4.288018487911866572e-01 -1.397050654064746933e+00
-1.431260804245643392e+00 -2.560371355842853358e+00
-6.925157172956908358e-02 -6.391577496866567287e-01
-7.770887280104982198e-01 -1.603790691625956999e+00
4.218705886909066560e-01 -6.897107967367996917e-01
-2.242420333442574076e-01 -1.473429527597600819e+00
-1.391563536644512267e+00 -1.431117443054602534e+00
-7.182933038885718213e-01 -8.759144984347794205e-01
-1.842284348682005746e+00 -7.311790349767508523e-01
-1.663755699023818480e+00 -1.939201498681710323e+00
-2.326988557338298236e+00 -1.990837955785840663e+00
-1.123249456632646304e+00 1.637334630150011350e-02
-2.037315461849138032e+00 -6.204222878618501635e-01
-1.610900223677207199e+00 -1.187775816965884745e+00
-2.888136659571693965e+00 -1.379964993351812996e+00
-1.522650300379335686e+00 -1.814097830418937463e+00
-5.648407280264662322e-01 -1.524273184811608894e+00
-1.066894387187898197e+00 -1.168648503609930556e+00
2.894187215544981040e-01 -1.042662531138450310e+00
1.556821649316049161e-01 5.217342039819725663e-01
-1.704024034916958197e+00 -2.719824145368491486e+00
-5.345592502870162299e-01 -2.110185038299328575e+00
-2.747334525360597635e+00 -9.290781230411551128e-01
-3.375528967464221930e-01 -1.312856412265638317e+00
-3.543185713879899446e-01 5.547857636452779850e-02
-1.602518669749969593e+00 -8.565600569067848280e-01
8.513005528612812567e-01 -7.704794610819021283e-01
6.582249232651116166e-01 1.084424010291740181e-02
1.769293535143949381e+00 -1.271182039573697242e+00
1.176459508203446580e+00 -8.030915609480260287e-02
1.273536770713042277e+00 -1.074140554934394087e-01
1.004081559471422969e+00 -1.744299671235349791e+00
1.332470431133109479e+00 -1.148109603173242288e+00
7.123652719581496928e-01 8.425232726733766775e-01
6.764492324324844486e-01 -1.215037407325125551e+00
2.342361153329904688e+00 -1.676851499552908020e+00
1.602773868600381624e+00 5.263642706015976280e-01
1.277893097628699959e+00 -5.318438799359005431e-01
2.202088868218193607e+00 2.909852448957852555e-01
7.177871055103723918e-01 -1.082901265578473771e+00
2.027844501103741592e+00 -1.059439281397901444e+00
-8.078629474641623176e-01 6.935699043337411052e-01
-1.449506688102606411e-01 1.221283093817244758e+00
-3.668413051582763984e-02 -1.421404721902344903e+00
3.867393033227695121e-03 -8.590600178692757716e-01
2.990028925757542755e+00 -1.853214238132435909e+00
2.570718217874346845e+00 -1.296714822367890374e+00
1.493523833943832813e+00 -1.776765277098801832e+00
5.392049864212895560e-01 -2.439080986167656562e-01
7.930425904096958245e-01 -2.167284452474152801e+00
1.930473029741766711e+00 -2.308678406198246602e+00
1.803228795930433837e+00 -3.258263572382555484e+00
1.408948484607450702e+00 6.895504349877112915e-02
8.772256308333670205e-02 -1.631494894871181600e-01
7.205970346345647037e-01 -2.257085572279122765e-01
-2.647198175738894044e-01 -5.999332875486951266e-02
1.911616935278778184e-01 -8.030141558428317561e-01
2.037363318810666790e+00 -2.769056996095154322e+00
6.657563661058714111e-01 -2.004384706036435038e+00
2.290453183535802184e-01 7.622885981066196415e-01
1.064758104508637837e+00 -1.811582897815085413e+00
9.979036476165842329e-01 -2.863731323991727251e-01
1.201401612633648863e+00 -7.342593326985458191e-01
9.503916787023949375e-01 -1.574689558192773564e+00
7.300113939007593089e-01 3.102545055427701204e-01
6.478449723687254025e-01 -1.780547530448618021e+00
1.834531770197467271e-01 -9.294272284663169792e-01
-3.545749033575740228e-03 -3.163037761320356411e-01
-3.044065047773469868e-01 2.205711300691903798e-01
1.671976153517407138e+00 -1.871723353815325730e+00
9.260925720426774754e-01 -1.687429922636018986e+00
9.454338117604009772e-01 -2.219616945662874041e+00
2.446764263947329265e+00 -1.814607218716993264e+00
1.379976877337369512e+00 -1.590845358076075744e+00
8.493135408053373858e-01 5.063212154864848991e-02
1.856311430093645853e+00 -2.362549636477778492e+00
1.946587430855040157e+00 -9.582029491029664392e-02
1.942931483816674465e+00 -3.306984032622984682e+00
1.630540225476801552e+00 -1.394636272599044879e+00
1.414910402733964290e+00 -8.112187522760694325e-01
1.452602473472175415e+00 -5.300300233744876799e-01
-5.763724693240344088e-01 -9.902432126719292738e-01
7.481003725824446615e-01 -8.117923901929254837e-01
1.537802601009616410e+00 -1.309206076845103706e+00
2.496042848202100206e-01 -5.547304220134590125e-01
9.146416322347037386e-01 -6.630733976564202603e-01
9.935267868325624585e-01 4.550620776731875150e-01
8.560488774038733650e-01 -4.801725793974283008e-01
1.505878948037358889e+00 -1.634597983855536230e+00
3.595152108886359166e-01 -2.193189148355506601e-01
1.462984065068997142e+00 -3.943720023739447633e-01
6.129956556486970687e-02 -3.407748046092540228e-01
1.463094532675259352e+00 -1.067193880844843124e+00
7.582745494722653579e-01 -1.204215663292278027e+00
-6.364244297804910744e-02 -5.590727504555916827e-01
6.296438427777683033e-01 -1.755693422768336287e-01
7.843736382812852570e-01 -1.822886251989050299e+00
1.383626693439856004e+00 -2.042002756154015497e+00
1.120048518515739167e+00 -1.351904041419037528e+00
1.225555185510355027e+00 2.380332601044570229e-01
1.676047146197413795e+00 -2.529798121186285442e+00
1.174243901013726443e+00 -6.083211739623957115e-01
6.252622335864568281e-01 -9.766446959081577228e-01
1.333958784868906289e+00 -1.132528259790701597e+00
-9.327149007918067447e-02 -8.750002335917999030e-01
-3.966799147407447101e-01 -7.453070419123408730e-01
1.051489184943596555e+00 3.457328230349541176e-01
1.920672186398167058e+00 -7.462470445325175561e-02
2.220991044970485051e-01 -1.837946103982570412e+00
1.889717344695203138e+00 -1.471367240800927512e+00
1.298568693538461272e+00 -1.893782675340201838e+00
7.627819345418860308e-01 1.497366159783929174e+00
4.253967597790070387e-01 1.085620631408626746e+00
1.280049419844671021e-01 -1.207352477703534266e+00
1.803461452406370569e+00 -3.090474216748277492e+00
2.238659839086252212e-01 3.056913513365544510e-02
2.785517336564199420e-01 3.791409262261729030e-01
5.394415597419599528e-01 -2.049094651076668328e+00
2.673471944687058066e-01 5.136103871749406746e-01
1.460844414244346190e+00 -1.239304700116934832e+00
2.413128851515540241e+00 -3.125866916682031427e+00
1.591614892989988483e+00 -1.200764434740368092e+00
-8.766010921471290018e-02 -1.735861805390625401e+00
2.634739427842168080e+00 -2.647679273698936520e+00
1.716911823346944921e+00 -2.130742548312651419e+00
1.533694508778163712e+00 -1.513489143938464121e+00
9.525325462320273495e-02 3.816559059949009569e-01
-7.269472664018181707e-01 1.722961018166484282e+00
-6.300134600960298759e-01 1.015673086330050490e+00
1.152492668738873460e+00 -1.083016148740301610e+00
-8.562198964104005272e-01 -6.969791082317728925e-01
4.026740066489087333e-01 3.070706117857916473e-01
1.319217066343541189e+00 -7.997797841917164696e-02
1.429720913194099940e-01 1.060481042703624643e+00
2.601514386569742099e-01 3.861110246228751652e-01
-1.579139535124107763e-01 9.691891363674691728e-01
-4.776344796835304551e-01 1.615504735181666707e+00
5.801308846421987520e-01 2.453163835681533289e-01
1.000972153095967265e-01 2.389032698031089197e+00
6.372612289213219761e-01 4.027561670306083474e-01
-9.298463087226321866e-01 3.005535619201852526e+00
2.509667372347912026e-02 5.257515624951185629e-01
-7.474634070852595458e-02 -9.739338315288836867e-04
-2.930641632185384537e-01 3.053429447635811478e+00
-7.161349767006330858e-01 1.239972676823320796e+00
-8.967169689446352621e-02 1.598438299927184225e+00
-2.630512831024588438e-01 2.455324947544720970e+00
-5.023742527900039168e-01 1.251904227609641040e+00
7.934083792685681091e-01 1.097611954893982000e+00
-1.359291220611642981e+00 4.997692126325243844e-01
-3.852864973927712655e-01 2.250484559093193226e+00
5.826389713863399100e-01 -5.087425748087153199e-01
4.411331375382499531e-01 8.853138849560734380e-01
-3.115059658373868223e-01 1.342320824249213063e+00
-1.751630118797337932e-01 1.664944742490782836e+00
-1.718795505096297194e-01 1.835146069271698099e-01
6.797671475102341487e-01 2.351895554805822464e+00
-2.249612793159315102e-02 1.943412849858389135e+00
9.024242639032628577e-02 1.256388984846460222e+00
-2.331257897418022307e-01 3.061220613149391312e-01
5.145726296228239072e-01 1.373264728081206032e-01
-6.995391111572123455e-01 1.777438139381507520e+00
6.250244140835783391e-01 2.394224296847169420e+00
-6.799673850749763382e-01 1.404310772502229909e+00
-4.459232666923307331e-01 2.383763075335309178e+00
-3.589193931596142972e-01 -7.616925293716423351e-01
1.579736496561754411e-01 9.962104906631276124e-01
-1.106171892340769736e+00 1.539072017504457213e+00
-3.168613682243718865e-01 7.560049936329487075e-01
1.817947937576417650e-01 1.090847334753253239e+00
-3.572881721780083453e-01 1.013627295967784780e+00
1.254449912820038371e+00 1.575691567463961551e+00
2.505054892600882543e-01 7.662611325986560251e-01
-6.983560122078604805e-03 2.408641898460781139e+00
1.884561304724020170e+00 1.748218487350061467e+00
1.514114353313648388e-02 5.876410965023765032e-01
3.668951096844249582e-01 1.944864965369350607e+00
-4.809797521428281764e-01 2.468953030376301427e+00
-2.137080190194892149e-01 1.475071499245082407e+00
-3.214623561814161645e-01 -7.511317218018569442e-01
2.417768226240173471e-02 2.424427593362858069e+00
-8.946180506831582502e-01 2.359022304235665501e+00
6.090361854322231538e-01 3.228163869822388676e+00
9.371859962836548430e-01 3.297022761139681180e+00
3.163534735796760256e-01 2.235798074743594377e+00
-2.332749065903388375e-01 7.077496599143828782e-01
-1.942567828318731565e-02 -8.986108535351866600e-02
3.550430545421782158e-01 -4.085242825538550893e-01
-1.045935443423882338e+00 -1.036114229029514444e+00
-5.441092777986975548e-01 -1.039680661825349350e+00
-1.898300967513897458e-02 -1.389955730225242547e+00
-2.243039938086815177e-01 4.797651325637887210e-01
-7.581590717656913614e-02 -1.813346406321985071e-01
8.362151646618459777e-01 -8.857881722322979989e-02
-3.288267301489142258e-01 8.277771105206743751e-01
-2.967678455938044801e-01 9.552628609004492066e-01
-1.082726540273193927e-01 5.297705974561557341e-01
-9.373973613171613373e-01 -9.427809339465804683e-01
6.901183863810705921e-01 1.521782976953064193e+00
-6.377528903774463132e-01 4.392933926206210593e-03
-5.379956535004679630e-01 1.092678029463534983e+00
7.279235969778908855e-01 2.052959115410620150e+00
-6.728998189786414841e-01 1.466715669435006975e-01
-1.226020623908198992e+00 5.727886261699282056e-01
3.881753158287118421e-01 5.194464894993293669e-01
7.783734443800323088e-01 7.667744609166533554e-01
-1.244843374795289392e+00 8.463718663129092823e-01
-7.165429949579918967e-01 9.590856232036610862e-01
2.729367746133810058e-01 1.150485367893918642e-01
-6.448285831811291224e-01 9.668779698583227500e-01
3.730343204235676557e-01 3.573860456610401526e-01
-1.389658919569921047e-01 3.028762933901887333e-01
2.078841537035091558e-01 5.535919021053707922e-01
2.521888971865587359e-01 2.859532846383927573e+00
-6.670574469125708506e-01 1.130948173542713153e+00
-2.344234296588395550e-01 2.205351489747874538e+00
9.243379080361243672e-01 1.597327754650590848e+00
-3.742261484530235438e-01 8.528794959652007401e-01
7.839768036224930015e-01 -8.761061903302194143e-01
5.381969546785951852e-01 1.375484499515239545e+00
3.862688327127357102e-01 2.143347739861853007e+00
1.335111319140631192e+00 4.104091112706809152e-02
-2.686462865884678419e-01 -5.621042559981039854e-01
-8.429719206428603062e-01 3.586713731241767622e+00
-5.478745345293041247e-01 1.886393249899214641e+00
-7.955821530683631071e-01 1.242527469049698574e+00
