-3.614125321594959805e-01 7.035579264449602910e-01
-3.420709565994167978e+00 -3.208055772657995242e+00
1.173116940990677204e+00 -7.397011036646012894e-01
-1.793098439757979667e-01 -1.533600996452389342e+00
2.640994761392834178e-02 -2.695664313950947744e+00
-1.827181832863866706e+00 1.106061386198213370e+00
-5.151515980404685280e+00 -3.613325475873035320e+00
-3.810785562857620601e+00 -9.747241953100869161e-01
2.556693169836679047e-01 2.389254618207889980e+00
-4.830428977851585204e-01 -2.039169731581834677e-01
8.560274901082380872e-01 3.279563109644632490e+00
-2.852986441141010410e+00 -2.344844670938082576e+00
-2.409023243116771518e+00 -3.570154738440588282e+00
-3.055946203347920775e+00 -3.088235130978422838e+00
-4.835883349328832237e-01 -1.199432636524091711e+00
-5.245466446442319519e-01 -2.003428821530998771e+00
8.587368653179912048e-01 -6.900649448675937325e-01
1.973507801340395940e+00 2.883728978643835816e-01
-7.185167224379898077e-01 -2.614250776005307753e+00
-3.349152628177623381e+00 -1.039670604438982515e+00
7.139758186190334754e-01 8.434193453273421959e-01
3.117182791340578074e-01 -1.769547200651394148e+00
-1.438470999788988403e+00 -1.385568040131207823e+00
7.018936375184823273e-01 6.561453571208142321e-02
-1.100470523814592427e+00 -6.767260496184462903e-01
1.044278591152865143e+00 -5.101873663820130078e-01
-3.296228002716873107e+00 -8.196952703846736021e-01
1.636230270414320564e-01 -1.404581922546269013e+00
1.425025637673411616e-01 1.837959685944940968e-01
-3.219253263118218911e+00 -1.915100783619252400e+00
-2.017806915274288349e-01 -1.667181009654771229e-01
2.133502636162587951e+00 9.752026950874213007e-01
-4.944437269427730541e+00 -1.546225485793796706e+00
2.081844399740378826e+00 -2.334479288133088914e+00
-1.596510733735007737e+00 2.671938558616775428e-01
-1.133936512267457841e+00 -2.043734093837612065e+00
-2.098408240541504099e+00 -7.279891765240529278e-01
-1.592190702769067823e+00 -1.948029788401864693e+00
2.214402465771196038e+00 -3.474670166926531190e-01
-1.173912043026007490e-01 1.909546038330787177e-01
-2.587861404806099941e+00 -2.387543687717194274e+00
-6.520139340133475514e+00 -4.696612926618463746e+00
-1.965088675892077585e+00 -2.471995831908773589e+00
2.733187221509100429e+00 1.578318944735870311e-01
-2.156196294150163784e+00 -9.524257993340545791e-01
3.366829914353228759e-01 -1.196714595053810504e+00
5.918217843985611459e-01 -1.769981013211572307e+00
-2.465707221721459064e+00 -3.357270318854739255e+00
-4.505907506321300104e+00 -7.396588867776564546e-01
-2.367316417092248493e+00 -1.584448321719686970e+00
-7.712626501562366288e-01 1.342252852001031727e+00
-3.781433185171017008e-01 -9.820072475972234649e-01
-2.724386624693817538e-01 1.363650570350263269e-01
-2.283077786719259095e+00 5.652458380782523495e-01
2.923725366566544359e+00 2.460923081283674207e+00
-2.226034573201736144e+00 -2.561676743181060534e-01
-1.092000382642584588e+00 -7.355149436040404609e-01
1.597537763780776832e+00 1.825313969076223675e+00
-1.876443778120375327e+00 -8.757139594061396082e-01
-1.160057728978241887e+00 9.968942365500537139e-01
3.248861771018061173e-01 -3.605906659114338275e+00
-1.707326919939997412e+00 -5.011717431254876232e-01
2.854793487392603968e-01 -5.043941887985158301e-01
6.560982557849217578e-01 -1.094007604031673075e+00
3.311025746779826306e+00 2.696428804398396384e-01
-2.181469372894042635e+00 -6.783500254621555037e-02
-1.941272911728404438e+00 -1.032806581701349868e-01
1.899612408210938241e+00 8.782390795267407402e-01
-9.026729291215772610e-01 -2.598335413839047092e+00
-5.654593495387415514e-01 2.607574361423747877e-01
-6.203633726745462207e-01 1.255216220864543430e+00
-1.423593697809265368e+00 -1.061087545462933601e+00
1.341030232306876790e+00 -5.779475243268827889e-02
-2.912319606699071528e+00 -5.053300996662339450e+00
-2.179179013330325709e+00 -4.004152049690227422e+00
-2.085179275105929264e+00 -2.043066602476452776e+00
7.152749644917846261e-01 8.711350935795951766e-01
6.200135311203358590e-02 -2.342319494082722997e-02
1.516938965895959779e-01 -1.551080465048859658e+00
-1.473764394228207264e+00 -1.799531972891641907e+00
1.172473566483098750e-01 -2.011998714664504639e+00
-2.782719487384584411e+00 -2.188595718757035957e+00
-7.735041732649732271e-01 -6.678480140656072317e-01
-3.116471610452993701e+00 -2.012826463167165514e+00
-3.564755068391600723e+00 -3.044230510273026047e-01
1.167639995783530171e+00 -5.561269339697454406e-01
2.549517286309616271e+00 4.629980601727350376e-01
1.771944726795591674e+00 1.163623665715306732e+00
-2.070713222882157201e+00 -1.871030196751775954e+00
2.456476791657455472e+00 -1.137280846268520884e+00
-9.255546896789065281e-01 -2.322961338148904487e-01
-6.165804020657025042e+00 -2.472400649430490205e+00
-7.682623709682996349e+00 -3.226963236434723381e+00
7.378484791625048445e-01 -3.942055989436948904e-01
-2.046511338090414078e+00 -2.698434449143022107e+00
-2.520407630490358875e-01 -1.054213944302456296e+00
1.117964535818515959e+00 5.814051220603362324e-01
-3.499835083401676705e+00 -1.529618324294407472e+00
-4.727048737355078245e+00 -4.049808736308768253e+00
2.466317753991044359e+00 2.183346062143601163e+00
-5.315974079778478245e-01 -2.344820364237085286e+00
-4.136657499178895137e-01 2.060002147996359501e+00
1.416978140052871371e-01 -6.901248808247826272e-01
2.440262448999018119e+00 -2.101159823676016503e-01
1.535136799684142961e+00 -8.526150326105573773e-01
3.681965920831077321e-01 -4.045335375745273687e-02
3.886182226070171719e+00 -1.254194208174940206e-01
2.566790501936857538e+00 -1.268586609058138581e+00
1.575055479396572533e+00 -4.333041815252213214e-01
1.433701223985233364e+00 -2.063743731158168337e+00
1.828457124952364232e+00 -3.522360276560733805e+00
8.451471530265419752e-02 1.401348698131092529e+00
2.955543144749498197e+00 1.517343859674222362e+00
9.885159741549920387e-01 4.445493850599404606e-01
-7.167366207930045974e-01 -7.619939814152293378e-01
1.198405317556007654e+00 1.837914872031461311e+00
1.338105102002434821e+00 8.555511304788201432e-01
-1.239498444682451961e-01 -1.188929577702606100e+00
-1.022442633613940277e+00 -6.321326637962414452e-01
2.574421437856282857e+00 1.936603969636110367e-01
-2.093218246144751049e+00 8.737146026515116848e-01
-1.206843367650225485e+00 5.678092603423803286e-01
2.359617864639956153e+00 -4.540219048830212323e+00
2.103030831448001514e+00 5.453497924256618390e-01
2.566030417421430343e+00 -2.322727572876126523e+00
2.391945797308363097e+00 2.600452473113890495e+00
-1.761908767731514835e-01 -3.814873728453208601e-01
1.275364638602669576e+00 -3.110715251362683453e-02
-4.070040599321047559e-01 1.128054134397604713e-02
2.088847868775308703e-01 -3.973388682239204162e+00
9.552883853206201037e-01 -1.436699690353151926e+00
9.835950191534374998e-01 -1.860465447158460961e+00
2.977820880680955185e+00 -2.511936687296784321e+00
7.207974506908682022e-01 -2.564487008957020420e-01
1.153016318330636336e+00 -2.087021542658049178e+00
9.960132126061860269e-01 -2.296846295702475782e+00
2.426358638198322648e-01 -4.247156191732671671e-01
5.045279656319067385e+00 -2.085507324185337907e+00
5.326505493241422418e-01 -1.087855486095098412e+00
-1.249197535982748963e-01 -1.178959758577348804e+00
3.165353788196533458e+00 1.306187671843814790e-01
4.366998282339653592e+00 -5.693096891122424452e+00
-2.917053385367033513e+00 7.886503584212554152e-01
2.032853899022800448e+00 1.919163482741896853e-01
1.268210802410516980e+00 7.364012008072271520e-01
-1.812522438617478748e-01 -7.257012499419305263e-01
1.837461481099949001e+00 9.511948643061183262e-01
3.467979864518592192e-01 -9.177644533434134999e-01
3.091769684059137990e-01 -4.508170339116851721e+00
-1.095317430022813010e-01 7.785085371334341531e-01
3.169283582754840456e+00 -4.372959069179291447e+00
2.916634598209099760e+00 2.050944789954075809e+00
4.013377472745649488e-02 -5.089152453260707976e-01
1.015993232267425883e+00 6.416666087061815293e-01
3.573977367512826131e+00 -1.451503925027810560e+00
5.986559892313059184e-01 -1.489666695846663558e+00
3.188387142660184637e+00 -1.217437059513588604e+00
2.152902982072034010e+00 -1.828227656960574210e+00
-8.010483634357932203e-01 -3.258834561986037492e+00
1.784528272564607887e+00 -4.631750628211293908e+00
9.631042459712604309e-01 -2.477128645089249570e+00
1.381191542314328391e+00 -6.154709803551810410e+00
-1.890184224119524803e+00 -1.837650441757040287e+00
1.150366517842166258e+00 -3.666955891930155254e+00
1.792261622954140154e+00 -1.543963556978344975e-02
2.651379191199375818e+00 -3.724338758245884229e+00
3.561148095787979972e+00 -1.424660943991061579e+00
9.345164133153711639e-01 -5.738438422526582983e+00
2.368756725473499358e+00 2.264304332822604682e+00
-5.096392514701812981e-01 -1.652816635308929083e+00
1.308665380172136850e+00 -5.020966159971818055e-01
1.446261859761477364e+00 -3.367442949160949217e-01
-3.737524809507393186e-01 -3.721392726397317219e+00
3.480459950174762174e+00 8.730638122598677331e-01
4.321490681759110331e+00 -3.019701618023629575e+00
1.339696645393468222e+00 -1.704222960227490091e+00
9.048278987055852207e-01 4.187353525440611346e-01
2.852487860296887057e+00 -3.541593095724672846e+00
-1.502217430064749504e+00 2.021026820690630110e+00
-2.160085310298100136e+00 4.043172812872944277e+00
1.539665357220885822e+00 -2.834858599201269591e+00
2.922218488655088819e+00 -2.933403641529672257e+00
3.026773227023618951e+00 -4.169703540220248250e+00
-1.157480198260063542e-01 -1.999259971234534472e+00
1.844991558913005925e+00 1.775606483548474834e+00
1.912851637126648630e+00 -2.915195232267016934e+00
3.056624430980656282e+00 -4.068990163120283832e+00
1.438130798727436765e+00 -3.045587330160715922e+00
3.069352954644115172e+00 -1.936899958084643547e+00
2.098859705443954393e+00 -3.311741706067673263e+00
1.386812010962180430e+00 -9.931922201325674715e-01
2.745191747885509681e+00 -4.808599461979904177e+00
1.091450632308979429e+00 -7.781487575173626769e-01
1.703800451162244212e+00 1.282314737767993318e+00
2.348816488192012830e+00 -3.647439055807947916e+00
-1.018578163755852639e+00 -2.351370019691920277e+00
1.137634555043495643e+00 -1.835154157464086833e+00
-4.019491943778568110e-01 -3.270594018399285208e+00
-1.203325316821432178e+00 6.306871661763882031e-01
5.267573885124798849e-01 -2.088470777151225199e+00
-8.235136058752160482e-01 1.314353216287611481e+00
1.082797157126119014e+00 7.919195401775607213e-01
-1.477971926367563360e-01 2.848420635707705983e+00
-1.182642315646063258e+00 2.476710330003175198e+00
7.909140228128032080e-01 -1.667506439506972971e+00
2.030473984568279100e+00 3.662233596401824887e+00
6.257589596709677293e-01 -3.609932186238891116e-01
1.072078807864424776e+00 -1.740604101644993129e+00
-2.267784750149738127e+00 -5.617132599662792991e-01
-8.910501944389582762e-01 5.636606167855744864e+00
2.762343152347126907e+00 -5.216055434691619919e-01
-5.641358467784547415e-01 2.231671793414378158e+00
-1.788688133205991848e+00 -1.330329498446849446e+00
-2.167099296765268690e+00 6.001878857925868616e-02
1.365031264281804990e+00 -8.440890766139230728e-02
5.939430961252060159e-01 -1.582582569055501320e+00
4.218739775501886141e-02 -2.418173927073867802e+00
-2.081248318607989312e+00 9.318087073118072050e-01
-1.380903845807107122e-01 -5.829180015120594138e-01
6.490548584945334820e-01 2.611725239704568491e+00
-8.892972233294099693e-01 2.921781854105021115e+00
-1.830325784017664548e+00 -1.190519735954849168e+00
1.129973453872782363e+00 -3.092278972506200319e+00
1.024014852980515144e-01 1.543386609220931183e+00
-8.210461043758136013e-01 -1.500379533609711658e+00
5.935389212529526004e-01 5.446041878715639495e-01
-9.271310630141095244e-01 -1.054006030465942434e+00
1.588960345165144838e+00 -2.790940651924090243e+00
6.402559967972053512e-01 -2.450626664110853170e-01
-1.380407436862829851e+00 -2.034918345537171991e+00
2.887266993390937397e+00 7.958567647024173963e-01
-2.831630280764184104e-01 -2.886083144902830355e+00
-2.593973814672147736e-03 -2.141516205380741056e+00
-1.648525513069931447e+00 1.166996601601559824e+00
-1.378339174597378092e+00 -1.850822048353869320e+00
-9.478010624299708642e-01 1.179937504000383885e+00
-5.633225558681679290e-01 -5.616933570418201072e-01
-5.463958849889047897e-01 9.131115398719215070e-01
-9.129428877369005768e-01 1.948318798394220286e+00
-8.824239777828383202e-01 1.683882765171472951e+00
-1.048457419721465333e+00 -1.261172242050864867e+00
2.511002883979651101e-01 -2.080389282763194903e+00
-2.345853452896049962e+00 1.561650787702456133e+00
-1.035429326827644880e+00 -1.999663956416011246e+00
-5.927961779022342670e-01 1.947972795064043972e+00
4.713054807120145573e-02 4.535283312019916524e-01
-1.936448863584457891e-01 1.087871888913203300e+00
1.684090801212148270e+00 -9.446443437542213495e-01
-1.020759562394461417e+00 -1.025995097814663026e+00
3.719718968658311531e-01 7.047540539856903541e-01
-4.549811118798205989e-01 1.916613533133167291e+00
1.277784810514578928e-01 1.284408259510755324e+00
-6.144968104866586067e-01 2.845108438803358286e+00
4.998246822958912206e-01 -2.475877473499490833e+00
-4.523618574200035658e-01 -1.715218345947909562e+00
1.390993908207874830e+00 -6.901311656164874631e-01
-3.709139105036032835e-01 1.112389213159914902e+00
-4.703224065874500592e-01 -1.832128450335083425e+00
-7.185903511838209745e-01 2.420722078955751755e+00
-5.641971527818684384e-01 2.997626919202961204e+00
9.653813002471083038e-02 1.591978535509594561e+00
-5.813698604347030674e-01 3.299886740441413835e+00
-6.885449568387549402e-01 3.818650792824459739e+00
5.631358871726585003e-01 9.924199284278442112e-01
-9.624921417100125165e-01 -9.117384105308532494e-01
1.752887309901599577e+00 -6.709304987196684777e-02
1.031112945414736970e+00 4.008555122847975660e+00
2.762673912167429524e+00 4.067667752487865940e+00
-9.845369979409460681e-01 -2.005295571354337003e+00
2.219525615209722691e+00 5.298470876858479173e+00
-6.846957743946647801e-01 1.658658460714174110e-01
-2.462829943185957493e+00 -1.741332040786685464e+00
9.293403007188292264e-01 -1.559094164684282635e-01
-7.367837298761905629e-01 3.217625649489207706e+00
5.706895316354690939e-01 7.393918970066486462e-01
-5.534574588823681918e-01 1.860535570683181872e+00
-1.454181124254105839e+00 -3.905133400005911248e-02
2.432757997879300138e+00 4.701847605430175214e+00
6.532640856721044775e-01 -2.588232171594566644e-01
1.689504139490688672e+00 2.151308263470373738e+00
-1.789855354988776792e+00 1.242420359688827913e+00
2.345830415188234319e+00 -2.917788717304342416e+00
-2.584243567888865334e-01 3.061720778035238677e+00
-3.342822275682378219e+00 -2.956048101928041572e-01
-6.464042962179680218e-01 2.500092274087589050e+00
1.704755785956848957e+00 -3.615498534165799693e-01
-1.019651512794186976e+00 5.074259044026694809e+00
9.521671746610160803e-02 3.597017685160763811e+00
2.170801436736753132e-01 -1.415159774453590646e+00
-2.891399333603294153e+00 8.472623014061847480e-01
-1.373627657396283341e+00 2.023680048841805856e+00
-7.561796389874847479e-01 1.680737912577532800e+00
1.330363644018632385e+00 -3.274221891918506877e+00
2.780525186414468664e+00 1.352763525573105197e-01
1.393000143328992024e+00 8.522358189931182881e-01
-2.678077188408045650e+00 9.112648336152009421e-01
-3.044676097565098161e+00 2.999764715432953643e+00
-1.322152703329268819e+00 2.554786684406155750e+00
3.645475755574480115e+00 -5.422185905211571733e-01
-6.121888642908929201e-01 1.641610421529914543e+00
