-1.632079749283559034e+00 -2.224755048398007418e+00
-5.624260402999337050e-01 -1.133379302067543781e+00
-1.877200753649835185e+00 -1.845660993294656604e+00
8.130762526655568312e-01 -1.171243233718430421e+00
1.139432400121216382e-01 -1.586156785430159699e+00
-5.809211055502038201e-01 -6.415439844499104538e-03
-1.855720321897065483e+00 -1.663666462570208004e-01
-9.964904492062853780e-02 8.137407688417575002e-02
-2.309646731133749409e+00 -1.320908635971651091e+00
-1.111948438553777452e+00 -1.590399694154815746e+00
-4.040471249270960463e-02 -2.094704032527336501e+00
-1.253639160870339664e+00 -7.134784663635594937e-01
-2.184028001854340317e+00 -1.366537690978514075e+00
-5.252642044643778263e-01 4.573858728474755608e-02
-1.171294119266219402e+00 -1.799027141697270515e+00
-6.411161782760044225e-02 -3.499794998779588440e-01
-1.147785047780380152e+00 -1.682895694037503276e+00
-1.022221201662050882e+00 -1.099638803015849042e+00
-4.674046868338191940e-01 -1.249277282589941418e+00
-2.636086967173478790e-01 -1.173517258944024366e+00
-2.006001268838620843e-01 -3.714477139518069793e-01
-1.319271396126571183e+00 -5.095976654389946514e-01
-2.370275505368813818e+00 -1.608749736814707454e+00
-2.235889562931275165e+00 -7.479876048074545203e-01
-1.482746359275562975e+00 -4.394751662018137051e-01
-4.131181346242750463e-01 -1.655391785923020498e-01
-2.209067678622774533e+00 -1.070301946880041433e+00
-1.625474664218512721e+00 -1.673918001401934141e+00
6.263305364903168915e-01 -1.033374376330978839e+00
-7.984526356497341215e-01 -1.311100099258998064e+00
-2.189939504814235605e+00 -9.129199627139782391e-01
-7.779237571835700971e-01 -2.324573407962475358e+00
-1.855076684544984200e+00 -3.983181326160768476e-01
-1.113809662605680151e+00 -1.413192014645452410e+00
-4.975579566000745135e-01 -1.186417775187611046e+00
-2.641691066027828327e+00 -2.252906824449400602e+00
-2.405241522323987802e+00 -6.721473123053549603e-01
-2.217366043240609486e-02 3.194814261780298814e-02
-2.241892867245208087e+00 -1.964114525682628232e+00
-6.046207541115067308e-01 -2.509685052962574048e+00
-1.171219382765755546e+00 -2.410756071159739999e+00
-8.776747681441690041e-01 -8.778827954543427792e-01
1.061477046313232808e+00 -1.097411923083404517e-01
-1.430218277087179857e+00 -8.695135205718653726e-01
-7.997088718469376190e-01 -1.247909727205647634e+00
-1.350604648832147703e+00 -1.555807605922161052e+00
-6.198522142713511762e-01 -1.377713400626123796e+00
-1.192864688418622254e+00 -9.870379027222294654e-01
-2.357856407996888892e-01 -1.676398171592499597e+00
5.020601330981211419e-02 3.607642153602799162e-01
-1.658675764505918249e+00 -4.800922357609945790e-01
-5.446363468087864756e-01 -1.063079001909976729e-01
-1.236100787860669348e+00 -6.143914797075140655e-01
-1.703817688193899560e+00 -2.148824036673014248e+00
-2.746464572781035507e-01 -1.424948172381875766e+00
-1.287349831876191120e-01 -1.228592731814008632e+00
-3.381249247245463607e-01 -1.327816224005522461e+00
-1.389176331945447318e+00 -7.651503807232957755e-01
-3.222310299117436827e-01 -4.744270344167789144e-01
-5.780815567873671679e-01 -5.025830728390550117e-01
-2.781202138252616418e+00 -3.709607767591178717e-01
-2.852644662443482915e+00 -1.064098871295251714e+00
-7.719708644654573737e-01 -8.092976331672145918e-01
-1.132264296819630589e-01 -1.625540178661733171e+00
-7.174875147410451071e-01 -2.187067018176181321e+00
-1.112517908484838447e+00 -1.193112938811601076e+00
3.663924488660368350e-01 6.882476288406924603e-02
-1.235272891220612568e+00 -2.035814989205774417e+00
-4.264248561282645289e-01 -1.171895363586235694e+00
-2.406305245120944125e+00 -1.171951849926604616e-01
-1.223300088640877581e+00 -9.087876283309950232e-01
1.113247748619414779e+00 -1.056794026535735398e+00
-1.363013962411907531e-01 -2.284836286785986381e+00
-1.856789263454657002e+00 -9.087708015164743802e-01
-2.737661335753616587e+00 -8.131421458097062294e-01
-7.840571103490880933e-01 -9.596929345120497334e-02
-1.990385445026834343e-01 -6.482691310023608322e-01
-1.160977020107840429e+00 -1.319712718059960821e+00
-2.684045803039050160e-01 -4.996895880378210419e-01
-7.603205909823386177e-01 -1.172901348773256247e+00
-1.596687605385159525e+00 -2.243766282501831189e+00
-1.104786485233826054e+00 -3.124546130177128234e-01
9.154568649723076046e-01 2.437335962803071077e-01
-1.683539157612776727e+00 -1.167701762140923583e-01
-1.682548187227817182e+00 -9.994935724547985290e-01
1.208031832107254733e-01 1.548972076487371563e-01
-1.411710847710243577e+00 -1.316691371151328394e+00
-1.059855825251096784e+00 -1.116959831052961594e+00
-2.271986373683386073e+00 -1.479661290352722203e+00
-1.413566030953448127e-01 -1.134625622712108095e+00
-1.918553635058155127e+00 -1.966960472181872310e+00
-1.668401921693226875e+00 -1.472801079157272541e+00
-4.674848315788829867e-01 -6.651635549816418136e-01
-1.621008151920327212e+00 -2.564816663419425602e+00
-3.299612978531781815e-01 -2.921190511393990663e-01
-1.547156315492695944e+00 -2.062419323074924815e+00
-5.513237915259752153e-01 -8.949614508553005443e-02
-1.046354291620321675e-02 -1.008195549203905639e+00
-9.718374457323739612e-01 -1.188763823766132655e+00
-2.019294129475153632e+00 -1.238782418907973915e+00
1.838320406222497816e-01 1.266817267718336470e-01
2.535434152496278681e+00 -2.673129030767744219e+00
1.608451640756880074e+00 -4.936911555585832279e-02
1.319032574858560958e+00 -1.298783104852762049e+00
2.395239030793289814e+00 -1.158170935778720656e+00
2.323538703329064425e-01 -1.336590381041091291e+00
1.858885580195948739e+00 -2.225489567602062291e+00
2.874681173066671036e+00 -1.151917918253037021e-01
3.894778449566526080e-01 -4.429157798164723436e-01
1.329593212736770891e+00 -1.477783343229376989e+00
1.204709729936651597e+00 -1.699236371043497895e+00
1.895765116948958662e+00 -1.276521987719849704e-01
1.064838196037162454e+00 4.310316944035816888e-01
2.433481503524124179e-01 1.282882745096511012e+00
9.827608420548559209e-01 -9.227571809420282989e-01
2.707386956065399586e-01 5.017876606264501937e-01
1.262919541149364111e+00 -1.311985675668418283e+00
1.512523143042446172e+00 -1.463248592625426170e+00
9.456320175932583227e-01 -1.131102802290894216e+00
9.956810610780207904e-01 -4.549863622479446423e-01
7.733171296898211367e-01 -4.390186839514811368e-01
3.571733963485034247e-01 -4.034342908856939358e-01
-2.588792191136928267e-01 -2.159755225462584249e+00
2.679999054186384955e-01 -7.783205604831504587e-01
2.365756114834052681e+00 -9.444968133560511792e-01
4.575614778269943006e-01 -2.197298717052525996e-01
-2.409613259199867574e-01 -3.045851691503606018e-01
7.838058191373641348e-01 -2.086684263244845461e+00
1.809422123007010885e+00 -1.087541780450133944e+00
7.179118260266843521e-01 -1.091513407659217005e-01
4.908332155425472187e-01 -1.939495101935635901e+00
2.085553298805810085e-01 1.301908618663349948e-01
9.257282613768997859e-01 -1.497635419989855832e+00
3.898851269421758081e-01 6.281890034173758242e-01
2.203631374229621187e+00 -1.648069819149411419e+00
1.020231044258355979e+00 -1.674905715746285439e+00
1.752223970211185922e+00 -1.458542055562223050e-01
2.100820849681944491e+00 -1.341309923501721180e+00
4.582432453378902926e-01 -1.897153312473973008e+00
1.854674993355564183e+00 -2.040453071560538234e+00
2.023339769959006773e+00 -6.828280366434520410e-01
1.415881981320832761e+00 -3.826050137640065074e+00
1.094287410495642376e-01 7.164683559003504065e-02
1.900287619908627601e+00 -6.634300252827993738e-01
2.214463078222322245e+00 -1.708353964675591197e+00
1.388340285901664029e+00 1.824226664017369881e-01
6.475378508671729705e-01 -1.466147161998262671e+00
9.394106839088851579e-01 -2.102486638765887150e+00
-3.037633749346320133e-01 -2.118263286639885390e-01
7.350437320877429848e-01 -4.204588337094866679e-01
1.321378769170770573e+00 -1.395041695338205878e+00
1.060764560570599757e+00 -2.013882101278180237e+00
1.575435551045512472e+00 -3.026163912751898444e+00
1.780084306290060647e-01 -2.145502297722696294e+00
2.803278448965719205e-01 -1.024429183858090564e+00
6.803069018117005040e-01 -7.352931865317673399e-01
1.497980347971096693e+00 -2.148850589731062133e+00
1.267352009650027700e+00 -2.129637893718583364e-02
2.847080546590937677e-01 1.817340309708437740e+00
1.610929482349553910e+00 -2.181025711133155909e+00
1.619311912228454720e+00 1.846438758894426435e-01
1.362640916036500061e+00 -2.587871094213584300e+00
1.778032060574080253e+00 -1.899369541823673124e+00
4.839314541470256525e-01 3.963273648511052016e-01
1.396137429121295792e-01 -1.544410385443646838e+00
-2.243967109814157812e-01 -2.822630395765184375e-01
-4.936112205839788825e-01 1.477188102854398721e-02
1.885601587778810817e+00 -7.977249279826448269e-01
1.450379597961714895e+00 -1.162635128540612239e-01
2.112069876713929872e+00 -7.971959004304974838e-01
6.347265136654860473e-01 2.826428125667646007e-02
1.297541377839759313e+00 -3.025237813498998785e-01
1.923034874805685357e+00 -2.270732991744023099e+00
9.213129390282138731e-01 -3.442846248191425707e-01
9.048636444403161949e-01 -1.813021835266943826e+00
1.380128075546617206e-01 -7.925791621693947242e-01
5.762975588673440175e-01 -1.488481522802938439e+00
2.008372946586967078e-01 -1.012607332311961983e+00
1.427597584504855188e+00 -2.343179788130953956e+00
1.776604913166357047e+00 -1.532784797319371339e+00
1.802582208401054764e+00 -8.670179753616386042e-01
-4.741256313207986572e-01 5.479726493378633823e-01
7.312731854978460344e-01 -2.335932456266546220e-01
-1.193276379539660592e-01 -6.165163606249383088e-01
2.185115054057689576e+00 -1.831892939372205431e+00
8.157519005701332482e-01 -1.064819620567532432e+00
4.429871356871586396e-01 -6.204861888570525341e-01
1.364188147291838904e+00 -7.612911302696633298e-01
7.693875472288230766e-01 -2.281824409996625391e+00
9.034844362775117377e-01 -7.756811251090629522e-01
3.722572507054906499e-01 -1.739795027015131446e+00
9.425095895839604720e-01 -7.826081786515627359e-01
1.737585580577649669e+00 -7.351908360867887016e-01
6.649699850245180954e-01 -4.341164599086726472e-01
1.579158245080751755e+00 -2.315578664101864081e+00
6.332611964435630458e-01 -1.330418384403448506e+00
1.056814442410283439e+00 -2.778324906293810681e+00
2.166935384381177165e+00 -9.001766032112881177e-01
-3.971718828754950970e-01 -8.894929941971196907e-02
9.135177847031876741e-01 -8.798780253497561210e-01
6.831893537220846691e-01 2.390213871331591466e+00
-2.757808769846341601e-01 9.146796497936993120e-01
7.006232702084344011e-01 1.915829571782851737e+00
3.363613590819961030e-01 1.645601347413691240e+00
2.052625080253245859e-01 3.444173366174820838e-01
6.705137843523768515e-01 1.047170232491585473e+00
1.136829406220150537e-02 1.307055363748219845e+00
8.821894631580949886e-01 7.293513978195315106e-01
-1.569452304959482458e-01 -1.383860326755548265e-01
4.619485849395843502e-01 1.126130424637410865e+00
-7.375007291246223895e-01 2.105411027986618944e+00
-6.519497031885840288e-01 1.637524961007400748e+00
1.413759140324845731e+00 -1.397035241081357793e+00
-2.121158035637377148e-01 8.338297069525368865e-01
-1.153904880770857178e+00 5.395438977540871761e-01
-4.628326503904785505e-01 1.884088377067041353e+00
7.954337310395169780e-01 5.678909472901965128e-01
-3.638729541369963849e-01 1.692630412898905590e+00
-3.766947476786438598e-01 3.830308839660501175e-01
1.077112079705762858e-02 1.428126607887790778e+00
-8.421677187708678791e-02 1.102371856756672042e+00
-9.281514161584598632e-01 6.399341982835213827e-01
-5.894755421745978552e-02 -1.103831298037281083e-01
7.524518384471891030e-01 1.876566621426354109e+00
1.050310052499280111e+00 1.833065675471023503e+00
2.400445360682618157e-01 1.847553580414274865e+00
1.012813339553035208e+00 1.762184847676737220e+00
-1.400798629379808868e-01 6.817146941334475407e-01
3.820963890581009492e-01 1.230990293408131375e+00
7.900763287000855950e-01 2.119746885493827282e+00
1.126594426056836795e+00 -3.168075478108671739e-01
-7.622189407548265235e-04 -1.549253328124788887e-01
1.103838243597731639e+00 1.724710372444727691e+00
-5.498092277119308591e-01 1.690633589948157933e+00
3.805472778164739611e-01 1.535648223796966416e+00
6.595251499213544699e-01 1.281559274470507326e+00
4.539861260622860550e-01 7.261821140731861135e-02
-4.104867965116240636e-01 8.563108277562420101e-01
-5.726487542473940318e-01 2.610886569851335048e-01
-2.604396161657279718e-01 2.567450211192603859e+00
-4.866103719843791198e-01 2.117832589667875354e+00
1.071897101421481341e-01 -1.165279807826569147e-02
-1.015431037109611467e-01 6.675080305186742446e-01
1.022982335472923943e+00 9.435552195786467422e-02
-1.501990306004530540e+00 6.217774837517653364e-01
8.395696812939982268e-01 6.920001668640654025e-01
-5.618723418080617815e-01 1.841073725220313761e+00
-6.042761133477309032e-01 -5.655638598579675325e-01
-1.209692082433250659e+00 1.733903609178545580e+00
-9.306633147355825031e-01 1.121385160997590669e+00
-2.017921154128434758e+00 1.961620933959915547e+00
1.019398236770183042e+00 1.126706311233638180e+00
4.089086577567471736e-01 5.332247700343706320e-01
-3.624254926952928391e-01 -1.349423139888906498e+00
-4.992445639824655279e-01 2.091814074778294064e+00
-4.675654928852508441e-01 1.061127960577289864e+00
9.097781559971283016e-01 1.036965968609216748e+00
-2.388839503288328892e-01 3.244528145744951519e-02
1.222113792974516056e+00 4.225606561884229784e-01
-2.933562559720089280e-01 9.253128245952871866e-01
1.803471441711804180e-01 1.215545057692992925e+00
2.068525742158250913e-01 -4.742985773902235191e-01
5.202049098852821185e-01 4.296673961387950103e-01
-5.488885556954526956e-01 4.130639711732838615e-01
7.579553450340477116e-01 1.888296672194629267e-01
9.911605812619223022e-01 2.110469718584877530e+00
4.781771845358872008e-01 2.336127035452364886e+00
-4.902339803870935930e-01 2.591205356245218638e+00
-2.599750359948103107e-01 2.282497677095201016e-01
6.560055597724354648e-01 1.400167669045156993e+00
3.089931634594890175e-01 1.076476469415847292e+00
-1.307895125109557188e-01 1.431001714209182207e+00
-1.945045170796357303e-01 2.791677360014659381e-01
-2.356988510571804973e-01 1.285437808272788196e+00
-1.297309897650327670e+00 -1.216896817105588280e-01
-2.789288589791811268e-01 7.107813327275832593e-01
2.479786793175194071e-01 2.858822203699017406e-01
-3.004690249710372241e-01 -2.861466830649905813e-01
6.860736520177938835e-02 8.623602437258611753e-01
3.980122707174822971e-01 1.709801191420277311e+00
1.070607877946861547e-01 3.825191114934612946e-01
-6.154091887374198988e-01 -3.836993695880408506e-01
-7.025676014511308409e-01 3.652416088431604813e-01
-6.099428514743884255e-01 2.000222317809527972e-01
8.721585918948934202e-01 4.198596512365239120e-01
-6.746882641136118242e-01 2.672195890425334674e+00
-3.460496022324747734e-01 2.033868526182589953e+00
9.346486082785213645e-01 5.010820448228024970e-01
-7.278092787320880053e-01 -9.021024887329105457e-01
-5.404442596980576496e-01 -6.044542757016930778e-01
1.424403414550905245e+00 1.775125022022743915e+00
-4.631818253351567272e-01 3.066912796908706218e-01
-2.952485453576029206e-01 2.396844117193465351e+00
-1.760526800970339867e+00 1.364129290629741309e+00
-2.376015106083582407e-01 1.243154729253438617e+00
-4.544405143259475643e-01 2.323392130937901312e-01
6.392510474185577607e-01 -1.839909248147665988e+00
3.093371307073232157e-01 -1.564753540714951541e-01
2.601019432448430924e-01 1.504612942588617441e+00
2.337217247411176868e-01 -7.127242181655730757e-01
