2.478782181987297939e-01 -6.545931064249627118e-01
2.232037425417384036e+00 -9.970429946973872193e-01
1.496163012083497001e+00 -1.665790116156866230e+00
-2.292896536588486800e+00 -7.841808538672379036e-01
-6.529859427107838066e-01 -1.235242853531669516e+00
-2.143823915585718609e+00 -3.096744866732465074e+00
8.240399639022639722e-01 -1.040658785991908086e+00
1.251707716086789546e-01 -1.630912347270984109e-01
-7.140905597186959497e-01 -8.370126818538462521e-01
-1.213819438144644325e+00 2.380381865650023077e-01
-2.260223158721224035e+00 -3.298155235964639331e-02
3.186464897859639933e-01 2.830756477271105798e-01
-4.897749439378509262e-01 -1.602233278161896424e-01
8.664048522854095324e-02 -1.684392496444765630e+00
9.583786949956978329e-01 -5.955430615932829630e-01
-3.305606414852137132e+00 -3.358037011362984714e+00
-1.862297433652582157e+00 -2.374812755546342302e+00
-5.255311020998094662e-01 -1.667774166465803010e-01
-1.192349589544195787e+00 -1.963314736944946848e+00
2.799750776491327642e-01 -6.152415358841856197e-01
-9.785994269269890911e-01 -1.186299911362923343e+00
1.133307481745633449e-01 -1.945652613150286925e+00
-1.801757090822585283e+00 -1.365778993398730101e+00
-1.829588813012705373e+00 -9.289298420030440706e-01
-1.473001428587540129e+00 -1.393124260439177364e+00
-1.563992538987328373e+00 -1.931132500899518156e+00
2.075589691274486004e+00 -1.038185647431602909e+00
-8.794763622153831673e-01 -1.892747434281830454e+00
-1.572002585636731009e+00 -1.493875970253792040e+00
-1.054055725871751559e+00 -8.028026076531655786e-01
-8.872418738918109726e-01 -1.551097920421738996e+00
-1.031849646876982218e+00 -5.752597816525963914e-01
-2.531793047304303101e+00 -2.150207765744158284e+00
-2.590083563755557705e+00 -1.713821224564063606e+00
3.744633758146087565e-01 -1.347388701522020282e+00
5.490363928326489340e-01 2.326648975418235121e-01
6.542904992461493485e-01 2.861619700754418627e-01
-1.958710093865838164e+00 -1.181278257619900574e+00
-2.338781826990481427e-01 -1.011525889296443381e+00
-9.096140448364440356e-01 -1.007576527704221903e+00
5.197522754560841562e-01 -1.348076249676104066e+00
-1.609215268033428181e+00 -1.445392329419836752e-02
-9.142066297234010541e-01 2.917006341303096661e-03
-1.900867692556047928e+00 -2.478796714938189538e+00
-5.354827194894664633e-01 -1.653647604815994043e+00
-3.185843558412924104e+00 -1.944406880350977307e+00
-1.402614145369760701e+00 -1.254853556140744786e+00
-6.534734746473673805e-01 -8.645249447670306786e-01
2.027545658308069765e-01 -1.370251239851017155e+00
-4.341990291151578418e-01 -1.596976188492547299e+00
-8.959677121822628987e-01 -1.432403392098334338e+00
-5.823328073796876225e-01 -2.489679412598488906e-02
-2.281154001611682247e+00 -1.096552181780937163e+00
-2.303563227750492715e+00 -8.707136958010239791e-01
-1.526670314881490187e+00 -7.247672377755289830e-01
-3.721156121268195172e+00 -1.228603805984560982e+00
-2.153149951961195185e-01 -4.753135930653160646e-01
-4.323780152359143480e-01 -1.960747331403368321e+00
-1.833629135717751879e+00 -1.614217437762671459e+00
-1.816900793248334978e+00 2.797558612092854169e-01
6.011479706806550638e-01 -1.700178156790601580e+00
-7.933685177601843552e-01 -1.682639034546934642e+00
8.380984520156466999e-01 -1.126962767735883331e+00
7.898675499041551973e-02 5.945053471419123881e-01
-1.045997839828923803e+00 2.334720093569044863e-01
-2.948886522985526781e+00 -1.962140408520455015e+00
-1.464738068025866591e+00 -1.603153930910995895e+00
-2.105727489103502492e+00 -2.414285350738906821e+00
-1.404989428973884680e+00 -2.403048768196316409e+00
1.065965210274282704e+00 2.519292650957649649e-01
-1.127881336478948171e+00 -7.566089281432503144e-01
-1.408039576516026958e+00 -8.464872834751492325e-01
-2.509777969899792627e+00 -1.858009418637623922e-01
-2.432266393130935178e+00 -2.618140147132444362e+00
5.470872011855294481e-01 -4.194115280267102230e-01
-3.848032955145396228e-01 -1.964866978859995061e+00
-3.501545251175531615e+00 -1.565561683759406630e+00
-2.048058937275213154e+00 -2.689841446700274474e+00
-1.183418202841234335e+00 -1.211525101913245583e+00
-1.685773396235877852e-01 -2.274909318370881728e+00
-1.557512119804483230e+00 -1.671675963082627003e+00
-2.749039135248754206e-02 -2.564255127955153313e+00
2.123777122526320227e+00 -6.990579745526913635e-01
-4.580238145792741022e+00 -2.549582510966329707e+00
-4.283000318812354656e+00 -1.270877149774116699e+00
-1.528866331190162464e+00 -1.778192091229008787e+00
-2.121342211072481554e+00 -2.315572266788542777e+00
-1.536715133563154811e+00 1.128172925653428305e+00
-2.968365515772854124e+00 -2.652185448470139484e+00
6.449802851850809926e-01 2.133283359007822622e-01
-2.500214154286726664e+00 -1.799707309864345017e+00
-5.651278891703019891e-01 -1.230616417786682515e+00
1.402273476755085291e+00 3.713086076614580122e-03
-1.055931532141302531e+00 7.880566887041628998e-01
-1.545108668736436819e+00 -2.767666143812924417e+00
1.525243776321172362e+00 -5.591285415605882214e-01
-2.220847504780558701e-01 -2.323896471559784294e-01
1.422915102025541945e+00 5.706517812720179883e-02
-1.421805776356360518e+00 -3.026544225308852587e-01
-3.169743315162036446e+00 -1.736676727846988122e+00
2.363340676615668379e+00 1.403703368826136000e+00
1.039279653383750723e+00 -1.151043713814916769e+00
1.614673301200955979e+00 -1.855635932270361499e+00
1.637453446293306580e+00 1.317686632132548663e-01
1.421467939982038242e+00 -1.229264545436404621e+00
-2.165953223990737531e-01 -1.306800181852662002e+00
2.905921947513470549e+00 -1.743277901511594674e+00
1.644036882210499595e+00 -3.488504893312804889e-02
2.232016459688287657e+00 -1.398781158061673580e+00
1.646117711984897092e+00 2.877700304663302067e-01
9.487130894488866595e-01 -1.833953307772372199e+00
-1.166250160199293173e+00 -7.472945874928611509e-01
1.888363464319681384e+00 -7.901642877928301001e-01
2.408381140029312029e+00 -2.274238349767593981e+00
7.430845228079128173e-01 -1.026454917803193645e+00
3.964751179258412250e-01 -9.806533819036327149e-01
5.048006191250287156e-02 -1.455187795827046271e+00
3.192856953153528909e-01 1.354130171321640930e+00
1.815953045703623925e+00 -2.994272066757446282e+00
1.672267410880851068e-01 -3.702315024915109332e-01
9.734887960823893627e-01 -7.203508415031651957e-01
1.716653577364148919e-01 -5.450861891789547942e-01
8.046356848568086972e-01 -2.486919683854477370e+00
2.139115223117774800e+00 -2.979982374064269912e+00
1.060707072545468144e-01 -6.543835494396925689e-01
2.309507246145040327e+00 5.644675309273083919e-02
9.076430858242378052e-01 -3.245986104118616655e-01
1.566763897432054353e+00 -1.355979768590788392e+00
1.495885089682422731e+00 -1.102555404063694455e+00
-1.082867150113770993e-01 -1.413840907932423674e+00
2.275876267488399662e+00 -7.539866143198434845e-01
1.479369681305462647e+00 -1.923501281278949815e+00
5.943704066449695400e-01 -1.661903120311530646e+00
8.319359223851059415e-01 -2.160246086399093990e+00
1.032536478902724930e+00 -1.734278878563480175e+00
1.794738030836517506e+00 2.223229436274614113e-01
-2.645438374873871901e-01 1.168768798969414213e+00
-1.769690592704822318e-01 -5.440910531352153301e-01
-1.739254345565631521e+00 2.064225035816935616e+00
1.691061283560676198e+00 -2.209405567636938628e+00
5.681925333392693345e-01 -4.192902980653634426e-02
2.390872663832743772e-02 -9.852819017911569333e-01
8.014852286434267503e-01 -2.564285830777228714e-01
2.113446946576124752e+00 -3.085414076171953734e+00
3.551967256012171337e+00 -2.415701591348091704e+00
1.099784205688850269e+00 -4.669504804806121623e-01
9.777034849994938881e-01 -1.284852265196381627e+00
1.821315275696973712e+00 -1.605769229178037216e+00
-6.694369192252389578e-01 4.195908017239616150e+00
8.665925902245930068e-01 -2.435266765073234474e+00
1.569869700017409553e+00 -2.419408744531073019e+00
4.430794375668681839e-01 -2.084430611691267199e+00
1.778788244086377368e+00 -2.814518073518875729e-01
2.723317066651293139e+00 -3.682727990868918777e+00
2.156326868949529629e-01 -1.513120905811636385e+00
1.863945929052592820e+00 -3.667045852979252452e+00
8.703770184587640291e-01 -1.065994290769280539e+00
1.765463225958437299e+00 -2.233960073273615343e+00
1.546544214053909183e+00 -1.976395232899024190e+00
-2.934993368901528399e-01 1.411960347196516086e+00
7.148372552267314717e-01 -2.101517428775410146e+00
1.872245546560644236e+00 -1.952400915031975881e+00
2.186284126549153939e+00 -1.708192752764628564e+00
3.866406062032782254e-01 -3.698264302741306464e-01
1.484506800739148202e-01 -8.302284937634520912e-01
1.063360428917685452e+00 1.381264478671912155e+00
2.991057962276527871e+00 5.925901834916167399e-01
1.036866124354774543e+00 1.245990346226356849e+00
7.452060996050777764e-01 -2.929456145974442816e-01
4.109844618129306903e-01 -1.337383863755152946e+00
2.329822686880257621e+00 -2.470431686747465605e+00
1.140545794563881277e+00 -2.874607460352131660e+00
2.095727630202150582e+00 -1.177961767860909559e+00
3.686753442892608534e-01 -1.278343252138968600e+00
2.668901553258026027e+00 -9.969348522956127390e-01
4.241857342236504680e-01 -1.005026269300560271e+00
1.310330138674523859e+00 4.970429471215853656e-01
1.561180785105117375e-01 -2.434322667409630991e+00
-7.170122063413115754e-01 2.616408892286800292e+00
1.530323607566657307e+00 -2.728190570330923492e+00
-2.245299493807360047e-01 1.320666331317103204e+00
1.450586297271750258e+00 -2.217876157822861849e+00
8.845954246387632836e-01 -1.599084455433432916e+00
7.156798270988693478e-01 5.286124900674897820e-01
2.219073571374170051e+00 -1.903442773089498719e+00
8.035913098335749627e-01 -1.972143749045407457e-02
8.063716321987521862e-01 -3.202318980947536087e+00
4.371178861007689598e-01 1.034037714114313555e+00
8.166462037834654186e-02 -8.913462695052841722e-01
-4.778007241800694693e-01 1.553458973569490364e+00
1.335073405664060520e+00 -4.565098403193381671e-01
8.665113466407529108e-01 -8.359764499567269302e-01
1.373934017842338262e+00 1.901109060972435039e+00
3.225470963938698254e+00 -3.403217176220863838e+00
6.755925390074724035e-01 -1.004337862434801831e+00
1.805102868332266741e+00 -3.233678771519431727e+00
1.582838654636723019e+00 -1.323128230696912766e-04
1.849961240994092204e+00 -2.510843461147739042e+00
3.367407389923672278e-01 -1.753510342212937667e+00
-1.567307203646290947e-01 1.415443927808085256e+00
6.822430547691241687e-01 -1.270620816393019936e-01
2.082608105856255332e+00 9.369195692476020021e-01
1.184511271111941877e+00 -1.867856151761098982e+00
1.452895386650735254e+00 3.385732424283182329e+00
7.094735130792487188e-02 6.455248319815323210e-01
1.180286897135988999e+00 -2.504323894164448561e-01
-1.091580530175363162e+00 2.140112833037245643e+00
-9.035491644424205049e-01 9.254160073718431523e-01
-1.098612370329574928e+00 1.784308241462547295e+00
-5.839128132829941170e-02 2.268031509401906565e+00
2.801459665414124944e-01 -4.597234592531829200e-02
-2.561032886542786713e+00 2.746361240480405641e+00
-1.173203811181812606e+00 2.262440151254713205e-01
4.526280119938420055e-01 3.062494547954443647e+00
-1.812987341960565324e+00 1.639084453878026926e-01
-4.367161879620443665e-01 1.031121368680305794e+00
-2.259267254693338334e+00 9.824720468012306807e-01
-8.928901400482995854e-01 1.594260622305814667e+00
7.527792520141778354e-01 3.420983242335481123e+00
1.573010746818278571e-01 2.045707265201348157e+00
6.236678387724846617e-01 -7.430069098829530372e-01
-2.789035155784697073e-01 1.636265403487439318e+00
6.657396018832187901e-01 -4.551887550862196985e-01
-1.076351518152508069e+00 1.550167240902595278e+00
-5.024399157965374618e-01 -1.022486532091432032e+00
-1.782287558425980911e-01 3.749415235031036353e+00
-1.148867630739990542e+00 1.625182372134771569e+00
-4.037315995941062052e-01 1.277763364006145874e+00
1.643349489316528578e+00 2.213195301177560914e+00
-1.431044805337885473e-01 1.789837889779513080e+00
-9.555680623834585108e-03 1.263811300238179225e+00
-1.426212435608720686e+00 4.509662199307497010e-01
-8.025951523495783446e-01 7.804826954173789133e-01
-1.391439787388184302e+00 1.197107350810151960e+00
2.759685829035218307e-01 -3.829423111831276039e-02
1.568385312569918977e+00 1.338157508892379388e+00
1.687298463863811521e-02 -5.492858469321044712e-01
-1.218274335516201345e+00 1.841307516131457600e+00
3.393074120398071880e-01 6.591506912023439302e-01
5.756743603127187914e-01 1.084370719259438953e+00
-1.099672763253361163e+00 1.673627242421104278e+00
-3.141231983978861053e-01 6.585592468419925183e-01
5.930250357496004154e-01 4.566362026334385149e-01
-1.206215926912290737e+00 1.929554447722080512e+00
2.579259052028644472e+00 -1.718669269789416809e-01
-1.738317174684507860e+00 3.429208680571202983e+00
-8.212518563147340744e-01 2.790404227675467030e+00
-1.449097367115617541e+00 1.509379017976775650e+00
-3.035535939695734736e-02 -2.777297105070625438e+00
-1.458326185506279238e+00 4.705521590677614441e+00
1.317752134363075756e-01 3.295281345544710749e+00
-6.069625731310929195e-01 1.940740423953061011e+00
2.728153336462605383e-01 6.700610629669561114e-01
-1.137848005054946876e+00 8.854799043413510429e-01
6.180304087141551550e-01 4.778148664930757406e+00
2.533548630249307543e+00 -2.946266080754218475e-01
1.229528598515067017e+00 -2.484954612719314504e-02
-5.958848594992619506e-03 4.831784048431360112e-01
-1.216542294402020996e+00 2.212888047853733386e+00
1.890269654100443564e+00 4.704518574962778255e-01
1.112175691999977456e+00 2.261194989429687219e+00
1.268589644267806182e+00 6.503086542757681165e-01
-4.538229279960155904e-01 8.676467516518837630e-01
1.790817029749334433e+00 5.065640593122295865e-01
-3.384926998841772394e-01 -7.452406050903110923e-01
-1.342049319567246046e+00 6.311562859275386961e-01
-9.102233218271417181e-01 2.675854680909086625e-01
1.712675205139660983e-01 1.291621509758655639e+00
-1.549911633777591446e-01 3.491979447700332972e-02
-1.371555519250655386e-01 -6.824010487539600156e-01
3.501926518428766788e-01 3.048526868629488629e+00
-9.234575226096557454e-01 -1.732464777360328334e+00
-3.537440710696672097e-01 1.877177436569116509e+00
-6.197594914313614423e-01 3.172924238966693400e-01
-1.016741329103434816e-01 1.586393012582171469e+00
-2.905686936012816801e+00 3.937169316118547258e-01
-2.148766645536027031e+00 1.168298996559048897e+00
-8.491101948980696035e-01 9.100015806406432928e-01
3.126298620646992821e-01 -3.434870060264119118e-01
1.041390043861101011e+00 4.049403188409971932e+00
3.806754503252554045e-01 6.255242574460084803e-02
6.885348548720192641e-01 -2.221607230031816815e-01
-5.785261130043890532e-01 -3.467953307966940013e-01
1.711360387189837073e+00 1.051631064518723901e+00
1.409452496920429621e+00 2.677398291840979994e+00
5.439517671588125491e-01 1.244553759764598366e+00
1.434781887582819104e+00 -1.750347068458930622e+00
2.685098700545542894e-01 -3.811266889483144737e-02
-5.683270766528610851e-01 8.743143436654392531e-01
-1.657408356268951222e-01 4.338823726628816546e-01
-6.903764138522385796e-01 1.684171696768363535e+00
4.590897433135268657e-01 1.800923130737394739e+00
5.388800592807377887e-01 2.398780239410448489e-01
-1.301145335620945476e+00 1.580544719385593266e+00
-1.189210992685663992e+00 1.307388502126356711e+00
-4.298892749638467264e-02 1.485895376169773296e+00
-3.082135697677343411e-01 3.082143544954767389e+00
-2.333650229470297877e+00 6.901541405881715940e-01
-2.855572687803428211e-01 -7.090332435575184000e-01
5.018753745886477269e-01 1.488625050100544911e+00
