-8.420267052108716399e+00 -5.076235773650372707e+00
2.243774310176515741e+00 4.143209782547334186e+00
-7.329360709120237516e+00 -1.310151008092294678e+00
3.263040015345219480e+00 -4.028786797581056511e+00
-3.938236902095275660e+00 6.898958312143534943e-01
-1.361412081605705815e+00 -3.228586301653041613e+00
-9.871761226863561944e+00 -2.937918837465353761e+00
2.892070696368544080e+00 -6.374179418653312945e-01
6.076058642130185206e+00 1.525349312689820991e+00
-3.487445091855628565e+00 -2.415673493494718826e+00
-4.328968602161555879e+00 -9.710498241247559337e-01
-8.993647536598228243e+00 -2.876056687524532585e+00
1.106842935778906245e+00 3.823385797194241320e+00
-7.649576195742478824e+00 -2.088341884802646931e+00
-2.316648285102956617e+00 -1.487654929080840960e+00
3.536341245002732059e-01 -1.257123911822536799e+00
1.454263826873966714e+00 -5.587735445968856851e+00
-7.315889044803459029e+00 -1.879176146415595383e+00
-3.846503193489522188e-01 2.767935882692005300e-01
-5.652838164737661319e-02 4.994592613458775254e+00
4.308594701412384431e+00 1.434096224048397872e+00
-1.097937189743426023e+00 -5.364077538587589622e+00
6.163330784284111630e+00 3.658571725992314505e+00
-1.460659605797018923e+00 1.899946535579676965e+00
2.852478265060019336e+00 2.858260215174269092e+00
-6.789514339852757097e+00 -8.767593577615537370e+00
-4.782916908236871656e+00 -1.896057303322272958e+00
-2.627657198024580421e+00 -4.329208435918526554e+00
-2.621029230416502376e+00 -6.238621032126181021e+00
-6.635097891686785765e+00 -5.053285247885753506e+00
6.093923329815350343e+00 -2.209894621631391942e+00
1.466576967489147343e+00 -2.503525241824851033e-01
2.740074349024205436e+00 -7.048460588076840949e+00
-3.311078526907521802e+00 -3.846671990156221632e+00
4.676978744164840052e+00 -1.208728408932615572e-01
-9.131320886366713907e+00 -5.841465841308034257e+00
-4.795109004800701236e+00 2.567824414470366357e+00
-4.994883007989242785e+00 -7.008701994832586823e-01
-1.907346090276670569e+00 -7.355330298091240948e+00
6.255661583605165443e-01 1.106241832238349154e+00
1.611440968044041799e+00 1.689483729441407345e+00
-1.500009251936531118e+00 -1.455314884503512651e+00
-1.505429426247540947e-01 -1.297983266698003790e+00
-6.088692796323139866e+00 -2.330521377546656225e+00
-7.911276044420578746e-02 -3.738558259463701239e-01
-6.269410656519691649e+00 -1.486598671431778040e-01
1.997553428146334742e+00 2.988434888531914524e+00
-4.451248179503680014e+00 2.394011376162635152e+00
-5.441829584739196868e+00 -5.945781794385818664e+00
5.136332177656801612e-01 1.167303158879025027e+00
-3.154887810587362562e+00 1.431976778737988454e+00
-5.855470489891168029e+00 1.042657928942954726e+00
-3.008860010385433714e+00 -2.750151625296387792e+00
-6.203799469655332466e+00 -2.012969382256838635e+00
-3.300016564732679569e+00 -6.998649081947488249e+00
2.708110304164360382e+00 1.383656381607457408e+00
-4.649296162636523455e+00 -2.416484590692216550e+00
5.226011502902095707e+00 2.841825810002070796e+00
-4.573049401706963835e+00 5.590340882544064804e-01
-2.440498972581176318e+00 -3.376111660840544371e+00
-4.721804267633032737e+00 -1.065473097514247902e-01
7.275347985265762318e+00 -2.768009845295750004e+00
-6.954426687451733535e-01 1.873322532695175013e+00
-4.594763618956417828e-01 1.088013368243918588e+00
-1.806415959596477938e+00 2.569575499060439583e+00
-3.411164450759086364e+00 -4.156676227172972915e+00
5.820585018909330444e+00 2.799553634144134051e+00
-3.830207503093403076e+00 -1.655411449539105018e+00
-5.044142155879640654e-01 3.075396662190490460e+00
-1.520415019034309312e+00 -1.458786934103504684e+00
1.472789680079316543e+00 -4.132623084095295996e-01
2.222497693236688221e+00 -4.265942193072381983e+00
-5.654791849899488021e+00 1.156311749400307676e+00
-6.409965206017192330e+00 -1.854933235861895291e+00
-7.026801888380493910e-01 1.543784429295737670e+00
-3.206317881951346482e+00 1.680846635366314512e+00
2.428562492779515747e-01 2.341333111873459938e+00
-6.408850161972895476e-01 -3.865856543137439871e+00
6.288764882103496490e+00 2.269154902157012543e+00
-5.981118475161626868e+00 -3.227959179332520190e+00
1.723838880478572477e+00 3.678631343478908633e-01
-7.762910677364784462e+00 -6.676502376287939633e+00
1.773664877350841884e+00 -1.342581955756295686e+00
-1.856214239162144564e+00 -3.707459329530042424e+00
9.707900119741763589e-03 3.346217050605926335e-01
-1.294097047641149745e+00 -5.231388683333033640e+00
-2.061180808536523523e-01 -5.688580536391715903e+00
1.013202165482751660e+00 -2.132299165056834589e+00
-3.426083252839632554e+00 -2.319059556390690169e-02
7.931182327366128604e-01 6.545806582740546276e+00
-1.226270205171023031e+00 -2.686219328906390924e+00
1.641136747338111324e+00 8.839124479095101794e-01
-9.294113975725103671e+00 -4.273081234502169590e-01
6.364227152441839230e-01 1.810974692802557406e+00
-4.244775763097464960e+00 -5.651599946331383961e+00
-9.950558754696181563e-01 -3.252157391485495097e+00
7.363300491605087927e+00 8.209520948960459918e+00
3.066166064227530796e+00 8.832004302527887152e-01
-4.725398813595720782e+00 8.398745064699377760e-01
-1.775534211432338916e+00 -1.631516797264197072e+00
4.405704988395084953e+00 -1.411158673067490543e+00
-4.969954973241368368e-01 -7.500187682211792328e+00
6.167188181971947625e-01 -2.482174517519969648e+00
1.723553506349982944e-01 -6.939061700402954225e-01
2.137087795441019900e+00 1.001183535434674088e+00
-3.306746701255885768e+00 -7.599095411075758033e-01
3.943498737711994995e+00 -5.081003252334342690e+00
9.448593218271496008e-01 1.032524369624479199e+01
9.223598145751815025e+00 -5.695466435301470121e+00
1.274599974473425545e+00 2.145375236278594944e-01
-4.360995445371615986e-01 -5.158406159953140779e+00
1.429039286253338981e+00 5.897630649402996195e-01
3.392261113313967513e+00 -4.249966378165311198e+00
2.545960462542319114e+00 1.886707711841504764e+00
4.019612854653372702e-01 2.168668564212583583e+00
1.811913137925445172e+00 -2.936166276998866564e+00
1.277934338313250651e+00 3.931262842030411875e-01
4.300598256909462513e-01 2.371113220951420519e+00
-2.423123079488243015e+00 -4.284041163655134543e-01
2.736650008766459141e+00 -1.120923266744000557e-02
-3.261130208860646640e+00 2.451131000168307317e+00
2.701324331707534832e+00 1.502977811498227290e+00
5.408361523966592088e+00 -7.188563295679107235e+00
5.977194137075032110e+00 1.823434280457502332e+00
-2.005417200326717886e+00 -2.308600817630329871e+00
-5.139892782618793454e-01 -4.704250638352216463e-01
4.976378680158587642e+00 -6.795128883293720889e+00
5.653613555633544285e-01 2.677003069254969780e+00
2.861550762587603547e+00 -9.623011767524674909e+00
1.749206600621828311e+00 7.248001879446808182e-02
5.917952970941010804e+00 2.309449516050511075e+00
3.953601723088562281e-01 -2.085175168890754271e+00
-8.709814544824183713e-01 2.529555627604396228e-01
8.312039829389650247e-02 -5.440354310143927563e+00
-9.090798067922081227e-01 3.936000132066663326e+00
-5.067631209265138992e+00 -3.739722400666076307e+00
3.426717154805105192e+00 -5.832686914005927648e+00
2.582770569159337448e+00 -9.340486128472791805e+00
-3.014082397651134393e+00 4.831530644367729721e+00
1.333086229123662481e+00 6.328849826478390561e+00
-6.553866063430624500e-01 -4.919554841606251117e+00
3.239981810088076841e+00 -3.337435169616693731e+00
1.316410649283463519e+00 1.710011365927930349e+00
1.163041304133072718e+00 -9.181548932076426528e-01
4.253396642289055229e+00 -5.333196490272018586e+00
3.742909509744437369e+00 -3.056363298202464218e+00
1.060269963628427181e+00 -8.467794629147512353e+00
-1.190819654397816674e-01 -5.236640936866984397e+00
1.109939534033441033e+00 -1.070060892402449504e+01
-1.972625227960099981e+00 2.736769777316232499e+00
7.135590617142642422e+00 3.240925749184104809e+00
2.090489083565945982e+00 -2.873040413507132129e+00
-3.706736385088757579e+00 6.305784977573992478e+00
3.147787311090655127e+00 -4.812132990318594317e+00
1.772307695466919686e+00 -1.582956432121540580e+00
2.698611226466433699e+00 -3.403433497493888904e+00
-1.309353545938622077e+00 -1.577806781921010426e+00
-4.832253577022661339e+00 -2.583236165281750374e+00
4.720696573440253729e+00 -5.657257743924399840e+00
3.873008359403408374e+00 -1.272612704230212444e+00
1.445920939435403119e+00 -7.792643025348827912e+00
1.205900127513462872e-01 1.588139564293173489e+00
2.494122158189221672e+00 -8.098439228790496713e+00
3.489394545559422856e+00 -7.198685371746650574e+00
5.715065284243714849e+00 2.321174460090408065e+00
1.006507029454568380e+00 -8.029331624022315594e+00
-6.916486995039821117e-01 -2.038334337743813229e+00
-1.477425091394461099e+00 5.271519839033320665e+00
6.621244690438850888e+00 -3.224902126422855453e+00
1.253534712296209719e+00 1.276787118487216599e+00
3.678476547457762535e+00 -8.890365225755881839e-01
-1.404114792464151495e+00 2.680551862094063598e+00
-7.953322616266789158e-01 1.424720466604136426e+00
-2.558049822101856829e+00 -1.733287669990416724e+00
6.903460596401191918e-01 1.105929387615014914e+00
3.352944294874101061e+00 5.961685052152051689e+00
3.727574502845829141e+00 7.357669523942262924e-01
-1.269114317747856546e+00 -8.143855757263176898e+00
-8.931516379949833162e-01 -1.034494505387574925e+00
4.691975615330959748e+00 -2.279272897754053506e+00
2.486466023272607462e+00 -3.410688232637957729e+00
-2.934535540533334430e+00 1.176669365502456976e+01
-1.380772242948339112e+00 -7.780854151475774527e-01
1.877432482296964356e+00 -1.510239456262800761e+00
3.897687335389425911e+00 -6.081393651002589884e+00
1.613766928077298157e+00 3.777256222427827659e+00
8.039483738178382355e-01 -4.228711360290441368e-01
3.881228877517352016e-01 4.655852686731048351e+00
1.509066234434587983e+00 -9.950053037106660891e-01
-3.570579670219922619e+00 2.141592119108683079e+00
-2.187318493489938120e+00 -9.611242216090309931e-02
-3.985667581007201754e-01 1.145505850402070980e+00
-2.508443617056084651e+00 6.130031748319394680e+00
2.738208498121377232e-01 6.354181919868078232e-01
2.862768717180475875e+00 -1.080613801924314465e+01
2.344610772172226021e+00 -8.771282489525610515e+00
4.918653233736796970e+00 4.997381162009583377e+00
-9.232802554911092585e-01 5.747031224118932080e+00
-1.954702970304040388e+00 7.091320336429902227e+00
-1.462459864865107040e+00 -5.711042871997152659e+00
-4.780160079758836389e+00 -1.767834025740945503e+00
-2.704338505018336836e+00 3.358001926250555602e-01
-3.131386100365441294e+00 -1.678952526024405145e+00
1.793169951970687848e+00 1.374388310338049202e+00
2.328325744949751197e+00 6.695169581035310458e+00
1.540728276481402981e+00 -2.296310531466227989e-01
6.281257938042525524e+00 2.965640470166747811e+00
2.377269327052735193e+00 -1.034494927819495924e+00
3.382886637419451059e+00 -3.898351776560731174e-01
3.877005134922455909e+00 -2.152224065422678745e-01
4.671903002775759539e+00 -4.916487333558160699e+00
5.216159074660398076e+00 1.325942491085538411e+00
-2.283777826588945459e+00 4.188508826533862139e-01
-1.827709856850160894e-02 3.687117831024074199e+00
1.710158193736270871e+00 1.775243150200759512e+00
-3.155184890609719517e+00 2.325342646669412261e+00
-3.988783635194420807e+00 -1.462101799146739989e+00
6.196660528233921106e+00 -2.067090414478971461e+00
5.123096466887893108e+00 3.343994381175389163e-01
-5.076916311855930175e+00 7.845895119452835687e+00
5.554727050027092439e+00 4.914024796673478690e+00
6.814819983107169854e-01 1.427785809355544666e+00
-3.862560419519303512e+00 5.115579786580437549e-01
1.749619314322991004e+00 1.180574203082485285e+00
-1.643167748331676226e+00 6.690253527385547905e-01
-1.426763576141087286e+00 -1.872331785693951200e+00
-7.960406734451702659e-01 -9.116862383586914476e-01
5.084436474899464820e+00 -5.690660823148579794e+00
-1.272598653473989705e+00 -5.650426301675743890e-01
-5.394025311058689098e+00 -3.779108373808019117e+00
1.017521945453906396e+00 -4.856701668043972298e-01
-1.935931982051471323e+00 1.671095357247082580e+00
2.829524537108364601e+00 6.471152349520052027e+00
-1.918866742860798613e-01 7.792321255747849396e-01
-5.836177849666469797e+00 8.132062286625483694e+00
-2.269905818275836040e+00 -5.038844181800992139e+00
4.335862563884190557e+00 -2.344692075889363014e-01
1.695459110962852067e+00 -2.214748944477032744e+00
1.488705602712908638e+00 -6.870515008247306099e+00
-5.148813133051052482e+00 2.278831304374620892e+00
-1.779022709723967699e+00 -1.339613584007614211e+00
-2.927695438386784144e+00 5.916771039925265985e-01
-1.538494210344686808e+00 -4.996163033286864508e-01
1.752039900211526779e+00 -9.781273936585033191e-02
-2.763761924575670825e+00 -9.213994173234018703e+00
-1.429919339748187523e+00 8.825696169809216229e-02
4.529111324402158800e+00 1.779156931429668020e+00
-1.729595098946675735e+00 3.936851226087902944e-01
3.383497112161301779e+00 1.114181298234733575e+01
3.300265635488972116e+00 -2.911602910598346305e+00
4.036459543761156787e+00 -9.406957354922189651e-01
2.005906520394487913e+00 6.865874545169084797e+00
1.127466748122113893e+00 -3.678335811532153166e+00
2.527945647273627472e+00 -3.976231315244961095e+00
-4.021558553149578330e+00 8.562054862317813431e+00
6.918738258635703797e-01 4.992481130003791900e-01
4.387722747102691834e+00 -7.042285351148162675e+00
-1.830905503949680491e-01 2.994931436051316176e+00
2.134516642650747364e+00 -2.673252056697430046e+00
8.859799542636476843e+00 -6.685263178323237021e+00
-2.308733723808767291e+00 2.172775031688873870e+00
6.228299031585452505e-01 -7.209773916698999585e+00
2.646010231364428922e+00 2.828664229760796012e+00
4.317344046044654604e+00 4.390377071421701416e+00
-2.741368375306902472e+00 6.368003007427475382e+00
-1.953381575616054855e+00 -5.036124578503755611e-01
-2.475447006524399418e-01 4.238728487055462679e+00
8.213516326822530189e+00 -1.623411531386062201e+00
1.116514763947193956e+00 6.334602210202034733e+00
-5.068234263905281312e-01 -4.480565276260128016e+00
-7.308101887071590141e+00 4.961595125561370168e+00
2.881963634568001087e+00 1.155391071716415752e+00
-1.766735538881677003e+00 -3.323838350375440953e-02
-1.247560126266693326e+00 5.404179663070797224e-01
-2.035079944873134039e+00 1.033165665164155866e+00
7.517341542157378598e+00 -7.018395351511941271e-02
-1.058784841910087771e+01 -3.092205841586463499e+00
-1.703968385504847971e+00 8.559012098062062091e-01
-2.330927737950791112e+00 1.725108770155129534e+00
-1.292468416949408061e+00 -6.722619753653641617e+00
-7.512982467893986716e+00 -2.585997371745073714e+00
9.637752001872550878e+00 5.133226116591216304e+00
3.253214457791040459e+00 4.472984330957534560e+00
4.386169910627282092e-02 -4.110471289228093461e+00
-2.335983009126178178e+00 1.041455784165630005e+00
-2.626530254896967786e+00 -4.542630110726792125e+00
-3.230805200316692272e+00 5.794348559369504326e-01
-3.630721730911636413e+00 -3.838995504203034592e+00
-2.095487839000345076e+00 -7.196986994467489129e-01
9.773948104932489445e-01 -5.221236397584887445e-01
2.246228206180037379e+00 9.552999436802062760e+00
-2.552911352149956237e+00 -2.143670315936686777e+00
2.352407580203597970e+00 2.311461736493685137e-01
8.459508853415941276e-01 4.432533329500885522e+00
4.429637551803883966e+00 4.820790992409850872e+00
1.134718322712664929e+00 -1.741041405740196168e+00
-1.951792862084940738e+00 4.422383236677463358e+00
3.607209942619147994e-04 1.633922710989872851e+00
5.197045752373211869e+00 2.318834442552417663e+00
-5.673824643152284963e+00 -6.823361080936281020e-01
