4.788302432070514758e-01 5.186742176007805849e-01
-3.727629972999865426e+00 4.969001754712016883e-01
-2.653828849839086068e+00 -3.209837484409745478e-01
-2.769482680066425395e+00 1.624367823169439617e+00
-3.069374277804033380e-01 -1.974922054500636737e+00
-2.393935649545182898e+00 -7.904118249721754363e-01
9.401319900298754639e-01 -1.948293251241482338e+00
7.356212235770165364e-01 1.067497810397999292e-01
-6.018333381937812643e-02 -2.065321727243940586e-01
-1.819415120468590885e+00 -2.864463657791026741e+00
-2.136878839927394580e+00 7.986602857970539482e-01
-4.054195969526536381e+00 -1.246067574738234818e+00
2.253334181575581852e+00 -2.751322084409689950e+00
-2.836420745303240842e+00 6.081538414275269311e-01
-4.354005043638006001e+00 -1.217458973851710313e+00
2.661707622790079331e-01 -3.701850827595909443e-02
-1.284931032113829863e+00 3.556725800728687936e+00
-1.320497071009771428e+00 1.041340396771437860e+00
3.972360836338180157e-01 1.725939715027019261e+00
-3.087118356316921330e-01 9.713788829908991396e-01
-1.177594744282153050e+00 3.161209215383675719e-01
5.980999199419700929e-01 -1.451541029426253182e+00
-2.993013115144255387e+00 -1.981620220647206665e-01
-2.565747294360230413e+00 -3.186593278439637356e+00
1.396749971935862700e+00 -5.378250799082506806e-01
-5.602222189518355933e+00 -6.102822127736996505e-01
-1.140936733325191632e+00 2.076107583347579499e-01
-2.965554495186741413e+00 -1.350853853545983529e+00
-1.848728563457772811e+00 -2.848804068617342145e-01
-5.197771412720103790e+00 1.276920631055415534e+00
-2.462207541767589269e+00 -3.292191799211957370e+00
6.858776514167219673e-01 1.658483422444232858e+00
-4.675372559867373212e+00 -2.288389153663693776e+00
1.864628947929533265e+00 1.809214064106500874e+00
-4.342752178565129739e+00 -2.639365649463679908e+00
-8.120798273657486632e+00 -2.946355736420323446e+00
3.835701752167819834e+00 5.069252737431733102e-01
-3.346675083695616504e+00 -2.351376405361285116e+00
-5.421414348418159834e-01 -4.828763605789757607e-01
-7.046722983993002343e-01 -5.593804923316378908e-01
-1.974444752964440664e+00 2.246811088385063382e-01
-2.369201883286486954e-02 -7.865126047084349814e-01
-2.897482040227194577e+00 -5.632570583324805202e-01
-1.320797763742648234e-01 -3.591851810306994963e+00
-1.822104353604758753e-02 -5.621819956413141028e-01
-2.906657421009302578e+00 -3.354649649402152711e+00
-1.121007549914513346e-01 2.557839080956374467e+00
-2.515696919290766331e-03 -1.961314706984745415e+00
-3.319376232365835122e+00 -2.893562981712967108e-01
2.010933405283733766e+00 -2.517679657879346777e+00
-3.544049998433223880e+00 -9.573706807485816705e-01
-5.164065282945450974e+00 -1.904790947767521114e+00
1.352354726279161312e+00 2.905925794091349434e+00
-7.036290996503355988e-01 -2.159416310716888443e-02
3.056066164152906328e-01 8.139196136575974627e-01
3.262139368277914286e-01 -3.459151305077560856e+00
-9.843479369465514273e-01 3.503157742159525689e+00
-7.538309229966364100e+00 -3.488494206356449467e-01
2.863573486219381792e-01 7.917793848156560177e-01
-3.065636352978151624e+00 -6.416891279444789653e+00
2.617883062132738026e+00 -4.080553362564673492e+00
-8.889695832204165260e-01 -1.620477692006916604e+00
-1.318227060054621758e+00 -1.514450228716090585e+00
-2.740233947487912936e+00 7.228491049383043432e-01
-4.965394856937183299e+00 -2.554716725306300340e+00
1.847675123685896814e+00 -7.879875752147602608e-01
-5.287930980807242776e+00 -1.574449922664595825e+00
7.824979445039079717e-01 2.236092499488959717e+00
-3.212735327703847510e+00 -5.004545160342470655e-01
3.135743283754954369e+00 1.298574198077615982e+00
-2.146676388356205223e+00 -2.785569729777161996e+00
-2.132223230027952887e+00 8.282140797322310455e-01
-3.235571589507764578e+00 -2.417086831973545902e+00
-5.820851184400470224e+00 -2.943841803079077835e+00
-1.081349203042058615e+00 -2.334995585858989031e+00
2.907677530033681013e-01 -7.017695741529357267e-01
-2.790975146647971972e+00 -1.327531982316899617e-01
-3.164364615809529546e-01 -1.915417714272077632e+00
-1.723744030066369337e+00 -1.039381077332313996e+00
-2.465411830508629443e+00 -1.040368989648522202e+00
-4.456793322931934753e+00 -5.745925456288214939e+00
-1.727660604536525479e+00 -2.877918659551706337e+00
3.040415953913482738e+00 3.532074549410100239e-01
-3.485327735415994166e+00 -1.888256894673888908e+00
-8.026994738342819735e-01 -1.514533299072641004e+00
-1.426989183171405440e-01 -2.459144655238949984e+00
-2.084443386433443290e-02 5.016424195731117308e-01
-6.705918237648880176e-01 -3.427492970541211381e+00
-1.296598903544891268e+00 -2.614890578397165211e+00
-9.908020983119204539e-01 -8.754025111244619906e-01
6.229477315731117848e-01 -7.429471987824320944e-01
-3.462196885511928279e+00 5.919255958931228800e-01
-5.048886876823119874e-01 -1.305530118651399007e+00
4.777470806805158787e+00 5.209981397011173243e+00
-1.455266464824772177e+00 1.522567064970123063e+00
-5.155531464254986318e+00 -2.330628178762396141e-01
-8.708527784447013254e-01 1.979926477269275953e-01
2.742602381088460994e+00 -1.972327891123343502e+00
-5.549685504759402921e-01 -1.516869792965125363e+00
-4.390276922801430892e+00 -4.932033441884511760e+00
1.956091652677719228e+00 -4.030651971193703886e+00
3.396367797558850654e+00 -3.347729560296965445e+00
1.283447196980177951e+00 4.230366540278043708e+00
3.908158472335729439e+00 -1.304518812459809496e+00
2.938232871456055051e+00 -2.298282316922195978e+00
4.883961178510267676e-01 -1.277239745075379851e+00
-1.633517047414779100e+00 3.078849660499424878e+00
1.307078899372590808e+00 -2.000662273300702232e+00
1.696337773931293702e+00 -1.369288272458012212e+00
3.600732202484797639e+00 -3.268130627248482689e+00
3.469127336347274104e-01 2.456476325158813978e-01
1.007966492506365608e+00 -4.023222671682153972e+00
-8.347447622256134458e-01 -2.143624524046120472e-01
2.452223698067768964e+00 -5.527133186328175185e+00
1.018874503718425029e+00 -3.058880532664816077e+00
3.405350181421940459e+00 -5.291264679648818081e+00
-2.035807833314175141e+00 7.176687000387176329e-01
1.103321805174535042e+00 -2.651582387086442782e+00
3.360041759658819682e+00 -2.129166854850934598e+00
1.789436302096627962e+00 -2.675721232712779507e+00
1.433736096720333864e-01 9.907488812999876160e-02
1.977393431292277626e+00 -2.756686192513329026e+00
-2.131265804469433256e-01 2.023478391925443987e+00
3.024654906597384674e+00 -3.098331080848727215e+00
-8.399303989144191185e-01 3.241540057675267317e-01
-2.567186269713731761e+00 -7.261296024722546649e-01
2.924701171481194351e+00 -9.058448337382444260e-01
1.002845249219389778e+00 -3.326583167634676208e+00
6.857238295789338522e-01 -1.025156724531171015e+00
4.240430352018582205e+00 -1.284381341198790549e+00
3.117963814719332927e+00 -6.521158199457672389e+00
-3.176486498808042125e-01 1.172510669021773477e+00
2.060655419876057604e+00 7.949151940674803463e-02
5.907565592224374162e-01 -3.264090619826901740e+00
1.827642692108954137e+00 -2.010784104136652317e+00
8.410810077883322800e-01 -4.472754967880502086e+00
2.706253741574394134e+00 -2.762744768510811966e+00
8.573931677199063683e-01 2.514979348035477180e+00
-1.849876736275766209e-01 -1.117433840136040635e+00
-1.566291134158066534e-01 -5.035069145352113473e-01
1.140485041515953091e+00 2.939632512884116089e-02
5.428920198901845406e-01 -3.910514880669370363e+00
6.266510763066803769e-01 2.297473284616870171e+00
2.500896294395302810e+00 -2.235521210660196267e+00
5.070519262932957627e-01 -1.218691659807142891e+00
-1.944710306629962915e+00 2.036346288924228976e+00
3.798356450801044781e-01 -8.738411505214775943e-01
-4.654324486531853378e-01 -1.388229892564827539e+00
1.438589987624925071e+00 1.067381393058813188e+00
1.526205788456361567e+00 -6.741046654071851663e+00
5.779803742526414823e-01 -1.774354636541053409e+00
9.220672820578525997e-01 6.804279162949771198e-01
-1.511459960699443439e+00 4.183551910724547795e+00
1.208211833470991259e+00 -1.404113054719518860e+00
3.653252237118139512e+00 -1.871927346650605228e+00
7.762142874913002810e-01 2.503257547141918948e+00
-9.807397758973903645e-01 -2.480299525647018832e+00
1.041075247175120344e+00 -1.017593789773996171e+00
3.288702146650202884e+00 -3.797502873834938786e+00
4.769738913429254268e+00 -2.373304656727900586e+00
2.010770820244171198e+00 7.330132190638134482e-01
-3.155042449835778307e+00 2.441984500786585244e+00
2.303268966530890083e+00 -8.973739183237284811e-01
3.976872879256931892e+00 1.037756433354236396e+00
-3.852542403280878602e-01 1.555027974857378759e+00
1.212289955181811152e-01 3.886506910418363603e-02
3.635927108979053468e+00 -4.291274140546478932e+00
-1.377882050888583620e-01 -1.800718506174394662e+00
-1.676476374361200783e+00 -1.284265223926847943e+00
5.165094161866159439e-01 1.726035308856306294e+00
5.348067389405664063e-02 -1.797547724361097998e+00
-1.134539474973429218e+00 -4.942407374964451705e+00
2.670124279145027035e+00 -5.773579833835134067e-01
4.410535395069429265e-01 -2.020376012510529229e+00
2.230112328074254080e+00 -5.695463415126059026e+00
8.350164532524128047e-01 -1.420509253829094432e+00
5.748840450331134111e-01 -1.545226606622755572e+00
-1.386808119361061742e+00 -2.492873717487982699e+00
1.573163312684420667e+00 1.697541430627297565e+00
3.263698076388718228e+00 -2.048738348764427286e+00
-1.333561276731308087e+00 -3.342593942475907021e+00
3.956585425353065233e+00 -2.872045701046467947e+00
-9.927514706314206627e-01 -2.146693160628313723e+00
3.544932402854672482e-01 -1.804014587045144058e+00
-1.085998273923836077e-01 -2.290508512352591453e+00
2.244017341495022411e+00 -1.341899514942329397e+00
-1.485090256501196304e+00 2.592271087468647206e-01
5.954801551253057212e-01 5.893355687329175918e-01
3.206892137393332565e+00 2.140647994754981465e+00
-7.750263776393495618e-01 2.920189112956192989e+00
3.951118362399986150e+00 -1.245274652246719516e+00
-1.113887257390728358e+00 2.771428018525133652e+00
-2.353461298929247825e+00 -1.206724481340893940e+00
-2.547551381517665803e+00 -1.696129054563475513e+00
3.290605158093134808e+00 -2.454906662802158301e+00
1.719719685253118913e+00 -6.387696177103443063e+00
-6.511328019672293355e-01 3.247552077421085315e+00
2.677286348151863837e+00 -4.014633205587033515e+00
1.342503373336884742e+00 2.846322154887048761e-01
-3.903355829815491340e-01 2.537733862488893433e+00
2.543718223879777973e+00 -2.143783194396517100e+00
-8.241992500345971528e-01 2.664343420244291050e+00
-2.912584150712187903e+00 -1.538036034489891790e+00
6.706003345316124964e-01 2.991050223604214686e+00
3.493891904370575396e+00 -1.175115334923690913e-01
-3.207337798217766878e+00 5.112107024750745410e+00
2.308268847191644824e+00 -3.626032096287898909e-01
1.325988008908227656e+00 1.554730312988470420e+00
-2.766550103222980006e+00 4.009126234664583066e+00
9.784065117917580823e-01 1.411206645078424859e+00
7.198096354086123139e-01 -5.249373328898605529e-01
1.687012565540637166e+00 6.689467790365145383e+00
-1.873258540661866922e+00 4.908441175181279092e+00
5.270751742604873336e-01 -2.429057574384573481e+00
6.584573043650052693e-01 -5.788887669301450156e-01
3.150239706987664867e+00 4.558525316496123692e-01
-7.489827484688835746e-01 5.399967552487864531e+00
3.628970609956316817e-01 4.760860739779465334e+00
-8.764505421918337147e-01 -3.929534800077402856e+00
1.973870852112140417e+00 1.362212571912674530e+00
2.880370992645466810e+00 3.496884068162405601e+00
-2.230288627260331946e+00 -1.500518632239487449e+00
-2.366182165368438728e+00 -8.840868678256137425e-01
-7.391058276166618590e+00 -1.310187260861535474e+00
-1.316668940058995263e+00 1.885486841678393866e+00
9.345364647814855541e-01 2.406457514962097477e+00
-2.904855765545855673e-01 -5.977126942572391854e+00
-2.829332510801842449e-01 3.015425249875554492e+00
1.729187251771699518e+00 -1.690135160430989991e+00
1.976785181655088763e+00 4.321125378710525267e-01
-3.890341340944385440e-01 -6.590498066652154208e+00
2.275950423582984605e+00 -2.170668989028863294e+00
1.072213784710545958e+00 -2.034438772903391257e+00
-1.358093286944268119e+00 5.952357077273894959e+00
5.317072118161511041e-01 5.418885308020272795e+00
3.347105903934612048e+00 -3.637228629856492645e+00
-3.847290390759189549e+00 5.581713677107147831e+00
2.219977034673590754e+00 -1.031006818472130604e+00
2.655571170925583147e+00 -2.631632390017757839e+00
4.667337041645990281e-01 2.230779273913812588e+00
-2.234392961754239959e+00 4.654016675951882398e+00
2.081158035161281727e+00 9.782943542005764215e-01
-1.065058687365645129e+00 4.633317059750784672e+00
1.883847975325322111e+00 9.429848061064798337e-01
-2.322075722211923487e+00 3.741803385191685427e-01
7.100554463578849784e-01 3.258657651816663670e+00
3.183229216949211016e-01 1.948758166466733499e+00
-1.384598105737996798e+00 3.004452612653140120e-01
-5.185854366557725026e-01 4.351693614038746105e+00
1.658838696110124022e+00 -1.827382764064834575e+00
-5.593752896489503357e-01 1.922526902937208071e+00
6.974463811200569408e-02 2.390551325052523435e+00
-4.789607739823219593e-03 2.257040136787662021e+00
-1.010070043917352944e-01 7.845790626383487565e-01
-2.143737972406762893e+00 3.705607866423194174e+00
2.393211373895441252e+00 2.126371289549667587e+00
1.589382428523267610e+00 3.320012406430843832e+00
4.019048215224845788e-01 -2.545105877168432951e+00
-1.168351605230898649e+00 2.635705278549636432e+00
6.193213713813608967e-01 -8.088666320774207108e-03
-3.229881921179649229e+00 2.718054873251686487e+00
2.650568251506713491e+00 8.416672305748402749e-01
6.626576451415162605e-01 8.244395694203435765e-01
2.694792980555668294e+00 1.078572001294335392e+00
-1.498638984067417912e+00 -8.188373609771826267e-01
-2.437102919277036595e+00 3.346119700261629859e+00
1.954655046459278012e+00 5.674800113041079896e+00
1.485879353661635038e+00 2.173920166870118464e+00
3.616589942136046787e+00 3.653275282599561358e+00
1.127471385202426957e+00 -3.315875485643842602e+00
1.893236099165202524e-01 -3.041057058060251173e+00
5.666456065357795141e-02 5.342308756659672753e+00
3.192942454061333368e+00 -2.113207017583591973e+00
-2.843967054418059082e+00 -1.887568716470731101e+00
-9.001754665859665883e-01 3.382160857782845476e-02
-1.191470919370721110e-01 1.438757296914980444e+00
-2.939836010651607268e+00 -1.151566547460689094e+00
1.853958063621647501e+00 2.496443477538001332e+00
1.719632621509191495e+00 -2.222695822183139214e+00
-8.089374708839882633e-01 6.151614075832473105e+00
2.339340097978950705e+00 -3.797621484641606315e+00
-1.851314732977416888e+00 9.325708076077698916e-01
-1.550336665330003250e+00 1.139015694059206663e-01
9.949489600994040339e-01 -2.078280671131357504e+00
-1.449277978246725107e+00 -2.395166924830624655e+00
-4.188306193985164572e-01 3.486077720224252108e+00
-9.952161493157928029e-02 -2.479414238417509964e-01
2.408214812827495166e+00 -5.589112776260678483e-01
-1.911128012988549729e+00 3.288767968949551701e+00
3.933011108550229284e+00 4.312720177559281609e+00
-1.114551730581159888e-01 -1.216406873766719077e+00
-4.203115110932036380e-01 -2.442650623237673901e+00
-2.420672684920357476e+00 1.001974019783920200e+00
-2.387842170540279252e+00 -1.011600188219980989e-01
-4.264983959909002031e+00 -4.591302305345100088e+00
-1.319476781195213055e+00 -9.374023274377851767e-01
3.500587894017340052e+00 -1.816697231100337984e+00
1.761697917541020564e+00 6.410011608075837364e-01
-3.644081681907902937e+00 8.094096794949798834e-01
3.736603302706963392e-01 3.274037922813890500e-01
