-1.205700552044466578e+00 -5.327025292928803113e-01
-1.901798189368405723e+00 -1.867897481954968075e+00
-1.447979105045811732e+00 -2.083706485428229449e+00
-2.610321735155370693e+00 -2.164342256813037491e+00
-1.429790854042831683e+00 -9.103990986273713393e-02
1.288366591373815151e-01 1.195211864393492807e-01
-5.314669163618974679e-01 -1.417273126305550690e+00
-1.199348666936943086e+00 8.634101155240845316e-01
-5.080800083496288533e-01 1.027305848939425559e+00
-5.841789599227480423e-01 -8.600645368256595313e-01
2.314900913906620783e+00 1.893166238280757696e+00
-4.095137954692553706e+00 -3.633846417328139733e+00
-1.545941350294241845e+00 -3.224091880266264365e+00
-1.864064891301874027e+00 -3.247830039355116272e-01
-2.833541639034045545e+00 -3.300259490888523661e+00
3.104446574629262656e-01 -1.141679072553021701e+00
-3.643695411755367708e+00 -2.434261201195626168e+00
-4.599434798269600222e+00 -3.276674096277054193e+00
-1.414724904748113410e+00 -2.025895699488305723e+00
-2.527781680679714427e+00 -1.860193345790965846e-01
-4.939934142941146078e+00 -1.739991734532825962e+00
-6.956344776089098403e-01 -2.461314003041554344e+00
-1.749976179945010868e+00 -2.801409672880907031e+00
-3.264375917933115101e+00 -1.388855509434160140e+00
-4.780346023938095712e-01 1.542521589264289616e-01
6.406091740821107106e-01 -2.315009416733549763e+00
2.113197570349360177e+00 4.841691580021576513e-01
-4.572493220866867603e+00 -2.687086217137788502e+00
1.439763053538041682e+00 1.017672590121482923e+00
-2.096351427804607148e+00 2.223498997329727445e+00
1.207296946469113230e+00 -4.322806331417188730e+00
-5.319972484170681248e+00 -3.688730623139945042e+00
-2.944427446719568131e+00 -1.884977603929878232e-01
-9.628893503516791075e-01 -1.931043845842332907e-01
1.674842123193327481e+00 -5.035102957111536881e-02
-6.763523767668152553e-01 -1.410452212062336397e-01
-1.535602998011989850e+00 6.585709311767600216e-01
-5.091070570121725147e-01 -1.054372056751743392e+00
7.062312961370229569e-01 -1.010752757356671694e+00
-1.014880474695488033e+00 7.969441088668911544e-01
6.000440574686949358e-01 4.587421734365022541e-01
-2.573775230869363995e+00 -8.739373077549753566e-01
1.487749274858563009e+00 -1.973453176150209876e+00
-7.603451771490810085e-02 -1.244750132952364252e+00
-1.291479267933277830e+00 -4.837002634863850625e-01
-6.768412098398941534e-01 -2.587823952440305497e+00
4.429175590915879202e-01 8.209399153124679049e-01
-7.499663236656333165e-01 1.010985112802502250e+00
5.454279769156000768e-02 1.167687211875419795e+00
-9.428848314875363457e+00 -3.440687868067327848e+00
-2.211476281114863163e+00 -2.185680351525144616e+00
-2.889463558202547411e+00 -3.357665507388887249e-01
-2.085044636139214980e+00 -5.501674792093267374e-01
5.616929008703746007e-01 -1.989601646902099397e-01
-1.540113143793112593e-01 -2.166323003918645407e-01
-3.730492947123939640e+00 -2.330346693736223607e+00
-4.428117276487311127e-01 -5.350609883492927210e-01
1.240913140269944925e+00 8.792464981374659150e-01
-7.036158483840571076e-02 -5.258902225675514686e-01
-3.249771788530591010e+00 -4.755028994329237868e+00
-1.023601905631724485e+00 -4.451202919457742935e-01
7.081733205699440870e-01 -6.707609215022766191e-01
-6.852453574538737158e-01 -1.657376853269739270e+00
-2.309747077384873837e+00 -7.979299454234507483e-01
-1.367102046368313228e+00 -3.602600597786744796e+00
-3.055958466651032879e+00 -2.656653246467434393e+00
4.036946261185456741e-01 -8.708788641954429144e-01
1.321586227276200010e+00 -1.899884703891886240e+00
2.129813447476467392e-01 -2.577311269014190387e+00
-1.225564245589952472e+00 -1.135873696793518794e+00
9.300153928228138689e-02 -1.484916309068331497e+00
-1.675131924889499802e+00 1.163302175071544653e+00
-1.057236153567384651e+00 -4.008200857236629000e-01
2.419996240098561291e+00 3.068523556836861843e+00
1.754838283497876184e+00 1.122823205051543205e+00
-1.721147376663029416e+00 -1.435263936723666145e+00
-2.829081755471061221e+00 -2.862056323144076764e+00
-5.395326784817131127e+00 -2.493023979561746373e+00
-1.425079384881140943e+00 1.759749102799126330e+00
2.088014199117322889e+00 -1.025028451952711306e+00
3.083195361072743168e+00 3.267623248067267561e+00
-2.616555804302235444e+00 -3.059037415750855970e+00
-3.279116686877596276e+00 -4.004808985968313806e+00
5.188020907646384572e-02 -8.966492913070888138e-01
-1.798204937400639913e+00 -2.119632031405854988e+00
-2.495121684481973912e+00 -4.674384655186414328e-02
-1.285770032861554224e+00 -7.683717190243888329e-02
-5.077906486214205373e+00 -2.163873527987602685e+00
-1.361113133752299698e-01 -3.447563888796977283e-01
5.130020389968946937e+00 6.141337765827694639e-01
-4.581485957371291384e+00 -8.244567546602553643e-01
-1.407798333257299639e+00 -9.615230102189630257e-01
1.653685555318025635e+00 8.287587673093168572e-01
-3.446810998469610698e+00 -1.073350007000060558e+00
-4.912235015160730356e+00 -1.477494038088349448e-01
3.931438643553396339e+00 1.773073822910400388e-01
1.994332589261502697e-01 -3.129459330967776065e+00
-1.270453838099139032e+00 -3.019270064633203354e+00
-1.187382393520586055e+00 -2.370725027808634700e+00
1.139518984657871492e+00 -5.354700817066299079e-01
2.529823919071242377e-01 -1.918805389533652983e+00
2.027781249669019736e+00 1.127782429639108575e+00
-3.669743568202088468e-02 -3.476896312580162185e+00
2.292127318360013710e+00 -1.768870885656580905e+00
1.715931073880816449e+00 -4.613370371252427660e+00
3.069938627895783867e+00 -2.600967283573040412e+00
7.403779597910786769e-02 -2.827647419388921612e+00
2.782828696798524959e+00 -2.613025268560690506e+00
1.395717060473123494e+00 1.612964725892825690e+00
1.843844317527671972e+00 -2.669906325531311575e-01
-2.251223878307895276e-02 -6.151597248234741411e-01
6.055815102278627737e-01 -2.253862849601020457e+00
3.504356348575692337e-01 1.880559047252237992e+00
7.887750975391920605e-01 -3.154188427439459375e+00
2.941206944769138687e+00 -2.599430590538612584e+00
1.074083228341504714e-02 6.498843873306983099e-01
9.962372530882465105e-01 -1.022317505165436291e+00
1.449268747177866690e+00 -7.328596461827197039e-02
-2.581624425843294102e-01 -1.372531453312012539e-01
1.616737044160857506e+00 2.270063642297996509e+00
3.737159250282829248e+00 -3.294510214152213123e+00
2.039008761238660483e+00 -3.723041621169070892e-01
-2.080789409645507071e-01 8.672834726846956332e-01
2.020372969644851580e+00 -2.244105365046193956e-01
-1.710891751217100243e+00 -1.069601341754962354e+00
2.761346466803731303e+00 -1.789225845099995382e+00
-2.807144704492203768e-01 2.209311556343128924e+00
2.779231958803425329e-01 -3.714517912673951816e+00
2.074592294163567718e+00 -8.135071735935868187e-01
1.408799762264882682e+00 -2.931812807499825091e-01
3.323718847980878355e+00 -2.862420150443020006e+00
3.291704917677835684e-01 2.681318869137172989e+00
-3.750949464884050233e-01 2.536383375170480736e+00
-1.216423844814293442e+00 -1.910320350494792985e+00
1.233771430350735221e+00 -3.231305671766953491e+00
1.214058591139713927e+00 -3.729877290774205267e+00
1.400949308198433663e+00 -3.826357910762900438e+00
2.625396236057971677e+00 -3.656994745112510881e+00
-1.117731793822863029e+00 1.595043307460648485e-01
-8.400132647172342537e-02 -1.266546463368285691e+00
7.591396678359807471e-01 3.046631699917564440e+00
4.831395442774140125e-01 4.619176297374030238e-01
2.103786674774672072e+00 -3.381632324002389556e+00
2.830905154560336534e+00 -4.259803891279768884e+00
1.363166463522375027e-01 1.001886417851980404e-01
3.677652020400873134e+00 2.046310181019561636e+00
-1.126684107116486810e-01 -1.366010024148076374e+00
2.372335565621110476e+00 -3.799539151438617424e+00
6.863888161126316945e-01 -1.200859464244275143e+00
1.796834026035453391e+00 -2.963100880489803579e+00
-4.260715197824516132e-02 1.804593190533424263e+00
4.072044154786095271e-01 -4.228311890493521297e-01
-1.402287872812031821e+00 4.854025349008084245e-01
2.658015903865679430e+00 -1.220362516427524691e+00
3.983857784808869651e-01 -1.778994942848523442e+00
1.261888817402792462e+00 7.513459838405842639e-01
7.409105785139915579e-01 -1.464319906793069448e+00
2.309081400195936773e+00 -3.450412845094740444e+00
-1.273317349679291333e+00 -2.408832067831521151e+00
4.449100499196336767e-01 -2.541246109957343791e+00
1.542271345154118789e+00 -2.423020565933296844e+00
2.143904687179007063e+00 -9.574498138491210897e-01
2.961863962417889518e+00 -2.299277187410218470e+00
2.943356278568196593e+00 -2.874154717078124310e+00
4.902117660628510620e+00 -4.795467115354021814e+00
1.176102820770806856e+00 -1.135785304027190135e+00
2.996638160890383151e+00 -5.058070321730067320e+00
2.726467983868415601e+00 -3.976560009779682936e+00
3.137998641452389936e+00 -3.496525756430980625e+00
1.877748988673669128e+00 -6.530135603050290172e+00
1.918999402255387121e+00 -1.301055149089297647e+00
1.487304965145022306e+00 -8.752452121292821907e-01
3.738859225012050036e+00 -3.107704675607633860e+00
4.533648638225478145e-01 -8.354037418385515945e-01
1.782241137244568119e+00 2.795050306901889492e+00
-4.372356501867269429e-01 -9.257300581035254883e-01
2.205074838365285395e+00 -1.447279578498941177e-01
3.235797034674311679e+00 -4.087493356126177702e+00
1.407429902735497951e+00 -3.701414435479375431e-01
5.638652304615316968e-01 5.599504329222215748e-01
-2.391121872684967009e-01 2.289312708060129431e+00
3.064594532006011951e-01 1.644571680495995114e+00
1.735884245601432285e+00 -1.003934778191073240e+00
8.379019197296522226e-02 -3.724711966518194917e+00
4.047642871910506202e+00 5.194702715481653854e-01
1.515498686491467684e-01 2.871697897785800535e+00
-1.080994791008110134e+00 -1.200645570773518633e-01
4.262919340118500600e+00 -4.730080265119661398e+00
9.753541106841920882e-01 -2.252710486914048182e+00
3.305606087907400070e-01 -1.594705093555190745e+00
9.438386868360071347e-02 -1.081697855071952041e+00
3.239508032060534060e-01 5.910266726326667275e-01
1.494228622922876726e+00 -2.453393978828185551e-01
-6.129368358803957140e-01 -2.645088812488720631e-01
4.607628757737505243e-01 -1.377923684690996353e+00
9.972361491366954489e-01 -2.483760281638947909e+00
1.747559172532676230e+00 -2.006951780307503874e+00
6.928872167827840878e-01 2.634389653808582477e+00
3.380902598609645704e+00 1.551250034729382055e+00
1.541921328502172672e-01 1.766156775478368246e+00
2.506731362181829348e-01 3.215422087626595538e+00
-2.076109698712214957e+00 -2.559610567964061723e+00
1.155279539225832819e+00 2.419560307157054613e+00
1.301355051440534538e+00 -8.205632831278719674e-01
-1.802541718398076975e+00 5.042540544716077378e+00
1.701336445329795888e+00 1.121108071587258337e+00
-1.612023158472332574e+00 2.606774727402538794e+00
1.039245617572626790e+00 1.737555973588890357e+00
-5.303647161151040512e-01 -1.627891823169767438e+00
1.540402073133560146e+00 1.373266106688083132e+00
-2.034984034657537855e+00 2.609866325725647140e-01
-5.879092349510671722e-01 1.890125437195093294e+00
-4.671045462708705576e-01 5.382500637076392813e-01
-1.410421528990372320e+00 -7.575738641552582919e-01
-1.517655396096758036e+00 1.021286605565188799e+00
8.086187882670970994e-01 -4.391029428857488703e+00
2.209123444198026476e-01 1.461278820028105052e+00
-1.997384610611096400e+00 2.190087908133834027e+00
2.989132392189558729e+00 -1.920881201721222897e+00
-6.630718866055917982e-01 2.221026032031765407e+00
-1.928755810963062922e+00 -1.907580478916088396e+00
4.158367449079083400e+00 -1.736916864768831559e+00
-1.420023182720208110e+00 -1.143074021640140270e+00
-2.936012017117931583e-01 1.697805571489574561e+00
-2.169290736065243586e-01 2.360001523796885436e+00
-5.869833546072187325e-01 1.440039185141926747e+00
-6.672836681223986988e-01 4.082461098491287910e-01
-3.420021098084091160e-01 2.027776728749725699e+00
4.617332937784163760e-01 4.335170760860368233e+00
7.590675475450009424e-01 -1.702618735727465804e-01
-1.481897986689982294e-01 5.603168803801714670e-01
-8.833472548541766445e-01 2.068472534539131935e+00
-5.630115200545638965e-01 2.774636088828898117e+00
-1.629367818386527000e+00 3.806816795180293367e-01
3.111758503713085156e-01 4.679274708305718455e-01
1.680058025645198294e-01 1.138791618179915144e+00
-1.099589159011570283e+00 -7.283441915763131380e-01
1.110696814529774867e+00 -1.541277895227159078e+00
1.395531437087901838e-01 -2.078899565460301524e+00
-1.174036391063788765e+00 1.772507213715031948e+00
2.328776020736307739e+00 1.626393828686278020e+00
-1.859312827725559281e+00 1.484061262170714768e+00
-8.516394324176327357e-01 -1.361179215218437211e+00
-1.181109973006735370e+00 -1.081452273591583246e+00
8.622544493104399022e-02 1.189621390345567686e+00
3.701523151207512519e-01 1.640299196032873885e-01
-2.012153153672778583e+00 3.453701329805153541e+00
-4.531782501693400467e-01 1.603190972134769687e+00
-5.062921561138538154e-03 6.960321607009656297e-02
3.355788658906890820e-01 -5.704158029985817446e-01
-2.673139078666695312e+00 -6.912319463797473862e-01
-3.076856295683077502e-01 7.550534567826390209e-01
-1.238842722388590722e+00 1.698963846073444195e+00
-2.391480803080719753e+00 1.642388599449521092e+00
1.334453619249621692e+00 -1.464072479405265081e-01
7.407879330177846722e-02 -4.839183115199827689e-01
-5.133410558409059465e-01 3.100208463463196118e+00
-1.232543810868753781e-01 2.273308035424345785e+00
-8.593282321122531764e-01 1.155616025023387561e+00
-1.395674054738036629e+00 -3.913289295352009312e-01
2.306110808718999206e+00 1.899263873827732318e+00
-3.246588544632482143e-01 1.942146297141337907e+00
-3.483395886825471632e-01 1.736758993621997149e+00
-1.001351354863698528e+00 -2.327586235832465711e+00
5.319635817086697527e-01 1.346250940485443248e+00
-1.230114083805373015e+00 -1.671122949750502240e+00
1.004801386995711060e-01 -1.212416060532506279e+00
-1.529341491312019130e+00 2.703774278820509025e+00
-2.485568937756614805e-01 -1.489952753705570565e+00
-1.477358722152695369e+00 2.068129573503259877e+00
-1.137229270867999409e+00 1.502831132567100436e+00
-3.140722147330883729e+00 1.918825819602237193e+00
-4.083967429060448850e-01 6.357435768417538657e-01
-6.844281872248400012e-01 5.250565887917645336e-01
1.313823919808718987e-01 2.007136027872925776e+00
3.230252875865370354e-01 -9.620268114141623528e-01
-2.085320029096693784e+00 1.356478119705430974e-01
1.804626774191525174e+00 1.599857472909724354e+00
5.922274971794377896e-01 2.317147326586671774e+00
-1.429193702914867137e+00 3.734459380113155369e+00
1.718976025208214464e+00 6.569987767560260927e+00
1.731182251767474201e+00 8.004061042450481001e-01
5.661926563303483206e-01 -3.446220482168082633e+00
-1.642261086339891207e-01 5.644181954277651236e+00
-8.096839592811309050e-01 3.740743087666002609e+00
2.002413626391683632e+00 -3.824837658460103818e+00
1.618828683507643085e+00 1.150782048137685143e+00
1.828546797246051403e+00 -4.688477460191786683e-02
-9.643563582994885142e-01 -3.583449382960564034e-01
-1.488296630932586462e+00 1.148545016920507145e+00
-1.561372857613830600e+00 1.003142475350324414e+00
2.074323436157449851e+00 2.647916734482432588e+00
2.313826351398148518e+00 8.683813494459303728e-01
3.663113124818528465e+00 4.530860761767568690e+00
-1.408206249509569075e+00 -5.786550787381781191e-01
-3.668210717797327960e-03 5.355390320150750227e-01
-3.957397092472345612e-01 3.202628850517329262e+00
1.475046011122823186e+00 6.483071753143643257e-02
1.986658837147564860e+00 3.378818238596292822e-02
2.009803352596229775e+00 -1.173880630364749766e-01
